No,lotName,Payout,Rotation,Big,Reg
4001,ｱﾅｻﾞｰｺﾞｯﾄﾞﾊｰﾃﾞｽ-奪われた,-1893,4437,13,-
4002,ｱﾅｻﾞｰｺﾞｯﾄﾞﾊｰﾃﾞｽ-奪われた,-5356,4327,3,-
4003,ｱﾅｻﾞｰｺﾞｯﾄﾞﾊｰﾃﾞｽ-奪われた,-3538,2753,3,-
4004,ｱﾅｻﾞｰｺﾞｯﾄﾞﾊｰﾃﾞｽ-奪われた,-3881,3179,7,-
4005,ｱﾅｻﾞｰｺﾞｯﾄﾞﾊｰﾃﾞｽ-奪われた,-1839,1612,4,-
4006,ｱﾅｻﾞｰｺﾞｯﾄﾞﾊｰﾃﾞｽ-奪われた,2057,2878,16,-
4007,ﾐﾘｵﾝｺﾞｯﾄﾞ~神々の凱旋~,-608,3139,19,-
4008,ﾐﾘｵﾝｺﾞｯﾄﾞ~神々の凱旋~,12,1809,12,-
4009,ﾐﾘｵﾝｺﾞｯﾄﾞ~神々の凱旋~,-4042,3115,7,-
4010,ﾐﾘｵﾝｺﾞｯﾄﾞ~神々の凱旋~,2633,2355,25,1
4011,ﾐﾘｵﾝｺﾞｯﾄﾞ~神々の凱旋~,2896,2256,23,-
4012,ﾐﾘｵﾝｺﾞｯﾄﾞ~神々の凱旋~,-693,1981,11,1
4013,ﾐﾘｵﾝｺﾞｯﾄﾞ~神々の凱旋~,-3293,1910,2,-
4014,ﾐﾘｵﾝｺﾞｯﾄﾞ~神々の凱旋~,1605,3233,26,1
4015,ﾐﾘｵﾝｺﾞｯﾄﾞ~神々の凱旋~,2452,556,12,1
4016,ﾐﾘｵﾝｺﾞｯﾄﾞ~神々の凱旋~,-1262,2675,13,-
4017,ﾐﾘｵﾝｺﾞｯﾄﾞ~神々の凱旋~,-1844,2811,13,-
4018,ﾐﾘｵﾝｺﾞｯﾄﾞ~神々の凱旋~,9501,2535,50,1
4019,魔法少女まどか☆ﾏｷﾞｶ,1606,5447,17,12
4020,魔法少女まどか☆ﾏｷﾞｶ,1416,5499,18,11
4021,魔法少女まどか☆ﾏｷﾞｶ,2860,4071,13,4
4022,魔法少女まどか☆ﾏｷﾞｶ,-445,4463,11,8
4023,魔法少女まどか☆ﾏｷﾞｶ,-654,3892,9,6
4024,魔法少女まどか☆ﾏｷﾞｶ,-1638,4327,9,14
4025,魔法少女まどか☆ﾏｷﾞｶ,1330,6201,11,10
4026,魔法少女まどか☆ﾏｷﾞｶ,1883,5039,13,10
4027,魔法少女まどか☆ﾏｷﾞｶ,3560,5562,13,11
4028,魔法少女まどか☆ﾏｷﾞｶ,4233,5933,24,14
4029,魔法少女まどか☆ﾏｷﾞｶ,-2349,3446,8,7
4030,SLOT魔法少女まどかﾏｷﾞｶ2,-1692,2524,6,4
4031,SLOT魔法少女まどかﾏｷﾞｶ2,-552,1350,1,1
4032,SLOT魔法少女まどかﾏｷﾞｶ2,233,2994,11,9
4033,SLOT魔法少女まどかﾏｷﾞｶ2,-208,395,1,1
4034,SLOT魔法少女まどかﾏｷﾞｶ2,212,2706,9,8
4035,花の慶次~天を穿つ戦槍~,-949,2132,11,4
4036,花の慶次~天を穿つ戦槍~,-317,428,1,1
4037,ﾊﾟﾁｽﾛ 北斗 新伝説創造,1687,1057,26,5
4038,ﾊﾟﾁｽﾛ 北斗 新伝説創造,-293,1552,11,5
4039,ﾊﾟﾁｽﾛ北斗　転生の章,-1281,2030,17,5
4040,ﾊﾟﾁｽﾛ北斗　転生の章,-3950,4327,25,9
4041,ﾊﾟﾁｽﾛ北斗　転生の章,-3141,2228,6,3
4042,ﾊﾟﾁｽﾛ北斗　転生の章,1670,1086,24,3
4043,ﾊﾞｼﾞﾘｽｸ 甲賀忍法帖 絆,-1554,7456,54,29
4044,ﾊﾞｼﾞﾘｽｸ 甲賀忍法帖 絆,1466,7179,50,34
4045,ﾊﾞｼﾞﾘｽｸ 甲賀忍法帖 絆,-992,4304,40,20
4046,ﾊﾞｼﾞﾘｽｸ 甲賀忍法帖 絆,1801,7465,67,43
4047,ﾊﾞｼﾞﾘｽｸ 甲賀忍法帖 絆,-1922,5551,37,21
4048,ﾊﾞｼﾞﾘｽｸ 甲賀忍法帖 絆,-1438,5896,38,26
4049,ﾊﾞｼﾞﾘｽｸ 甲賀忍法帖 絆,-2479,6667,51,27
4050,ﾊﾞｼﾞﾘｽｸ 甲賀忍法帖 絆,-1264,5892,46,18
4051,ﾊﾞｼﾞﾘｽｸ 甲賀忍法帖 絆,3140,6106,50,40
4052,ﾊﾞｼﾞﾘｽｸ 甲賀忍法帖 絆,3758,7661,79,52
4053,ﾊﾞｼﾞﾘｽｸ 甲賀忍法帖 絆,1313,6436,49,34
4054,押忍!番長3,821,4988,55,11
4055,押忍!番長3,-272,1547,15,1
4056,押忍!番長3,-679,2998,23,1
4057,押忍!番長3,-2438,2783,12,-
4058,押忍!番長3,-927,2781,19,3
4059,押忍!番長3,-1522,1309,2,-
4060,押忍!番長3,-2208,4334,21,7
4061,押忍!番長3,3399,3096,52,13
4062,押忍!番長3,-1174,5028,41,2
4063,地獄少女 宵伽,-165,94,-,-
4064,地獄少女 宵伽,1736,2221,10,-
4065,地獄少女 宵伽,507,995,4,-
4066,地獄少女 宵伽,-155,1149,4,-
4067,ｺｰﾄﾞｷﾞｱｽR2反逆のﾙﾙｰｼｭ,-2436,2895,13,2
4068,ｺｰﾄﾞｷﾞｱｽR2反逆のﾙﾙｰｼｭ,-578,573,1,2
4069,ｺｰﾄﾞｷﾞｱｽR2反逆のﾙﾙｰｼｭ,-92,54,-,-
4070,ｺｰﾄﾞｷﾞｱｽR2反逆のﾙﾙｰｼｭ,3194,5996,26,53
4071,GI優駿倶楽部,-21,3008,37,-
4072,GI優駿倶楽部,-933,927,1,-
4073,GI優駿倶楽部,-333,587,1,-
4074,GI優駿倶楽部,495,2903,29,-
4075,ﾊﾟﾁｽﾛ 笑ｩせぇるすまん3,5783,2618,92,9
4076,ﾊﾟﾁｽﾛ 笑ｩせぇるすまん3,-739,894,2,2
4077,ﾊﾟﾁｽﾛ 笑ｩせぇるすまん3,-1043,1171,2,2
4078,ﾊﾟﾁｽﾛ 笑ｩせぇるすまん3,-2167,3341,14,10
4079,ﾊﾟﾁｽﾛ 聖闘士星矢海皇覚醒,-126,176,-,-
4080,ﾊﾟﾁｽﾛ 聖闘士星矢海皇覚醒,-360,2807,24,2
4081,ﾊﾟﾁｽﾛ 聖闘士星矢海皇覚醒,627,700,11,1
4082,ﾊﾟﾁｽﾛ 聖闘士星矢海皇覚醒,-881,3709,33,4
4083,ﾊﾟﾁｽﾛﾓﾝｽﾀｰﾊﾝﾀｰ月下雷鳴,-2615,5000,37,-
4084,ﾊﾟﾁｽﾛﾓﾝｽﾀｰﾊﾝﾀｰ月下雷鳴,-2080,2382,14,-
4085,ﾊﾟﾁｽﾛﾓﾝｽﾀｰﾊﾝﾀｰ月下雷鳴,-1092,2762,21,-
4086,ﾊﾟﾁｽﾛﾓﾝｽﾀｰﾊﾝﾀｰ月下雷鳴,2048,2856,42,-
4087,ﾆｭｰﾊﾟﾙｻｰSPII,-1820,4109,10,8
4088,ﾆｭｰﾊﾟﾙｻｰSPII,-911,1908,5,2
4089,ﾆｭｰﾊﾟﾙｻｰSPII,-1266,2440,5,7
4090,ﾆｭｰﾊﾟﾙｻｰSPII,4358,5433,33,19
4091,ﾊﾞｰｻｽ,-78,2125,7,7
4092,ﾊﾞｰｻｽ,-266,3608,11,12
4093,ﾊﾞｰｻｽ,88,3398,11,6
4094,ﾊﾞｰｻｽ,181,5723,20,13
4095,ﾊﾟﾁｽﾛ ｺｰﾄﾞｷﾞｱｽR2C.C.,124,2067,6,4
4096,ﾊﾟﾁｽﾛ ｺｰﾄﾞｷﾞｱｽR2C.C.,-146,2239,6,5
4097,ﾊﾟﾁｽﾛ ｺｰﾄﾞｷﾞｱｽR2C.C.,-225,2719,6,8
4098,ﾊﾟﾁｽﾛ ｺｰﾄﾞｷﾞｱｽR2C.C.,-161,5495,17,14
4099,ﾊﾟﾁｽﾛｴｳﾚｶｾﾌﾞﾝAO,-574,427,1,-
4100,ﾊﾟﾁｽﾛｴｳﾚｶｾﾌﾞﾝAO,-1068,1357,7,2
4101,ﾊﾟﾁｽﾛｴｳﾚｶｾﾌﾞﾝAO,-1284,1038,2,1
4102,ﾊﾟﾁｽﾛｴｳﾚｶｾﾌﾞﾝAO,152,2933,13,22
4103,ｸﾚｱの秘宝伝 眠りの塔,-1307,4011,9,12
4104,ｸﾚｱの秘宝伝 眠りの塔,1550,3993,17,16
4105,ｸﾚｱの秘宝伝 眠りの塔,1778,5146,23,13
4106,押忍!番長A,-1629,2489,3,9
4107,押忍!番長A,-917,2256,5,6
4108,押忍!番長A,-491,1396,4,2
4109,SLOT魔法少女まどかﾏｷﾞｶA,-515,2782,8,9
4110,SLOT魔法少女まどかﾏｷﾞｶA,-480,1595,4,5
4111,SLOT魔法少女まどかﾏｷﾞｶA,541,1150,7,-
4112,ﾊﾅﾋﾞ,4152,6286,30,22
4113,ﾊﾅﾋﾞ,-646,2387,6,3
4114,ﾊﾅﾋﾞ,-587,2505,6,6
4115,ﾊﾅﾋﾞ,4325,6906,32,17
4116,ﾊﾅﾋﾞ,-778,4982,14,13
4117,ﾊﾅﾋﾞ,-1359,3242,8,7
4118,ｴｳﾞｧﾝｹﾞﾘｵﾝ･ﾏｺﾞｺﾛを君に2,542,7318,18,18
4119,ﾊﾟﾁｽﾛ 蒼穹のﾌｧﾌﾅｰ,-952,3679,21,5
4120,ﾊﾟﾁｽﾛ BLOOD+ 二人の女王,-1968,2341,10,3
4121,ﾊﾟﾁｽﾛ 織田信奈の野望,-948,1246,5,4
4122,ﾊﾟﾁｽﾛ 討鬼伝,-648,2069,8,5
4123,ﾊﾟﾁｽﾛ ﾘﾝｸﾞ 終焉ﾉ刻,-142,451,2,1
4124,盗忍!剛衛門,-1789,5466,28,10
4125,戦国乙女2,-44,1185,7,2
4126,信長の野望-創造-Z,-77,117,-,-
4127,ｱｶｷﾞ 闇に降り立った天才,-381,1353,1,12
4128,悪魔城ﾄﾞﾗｷｭﾗ LoS,-76,3992,9,35
4129,燃えよ!功夫淑女ﾄﾞﾗｺﾞﾝ,-635,1329,2,6
4130,回胴性ﾐﾘｵﾝｱｰｻｰ,-3324,4745,6,9
4131,盗忍!剛衛門,-408,1620,10,3
4132,ﾊﾟﾁｽﾛ ｺﾞﾙｺﾞ13,-886,961,1,1
4133,恵比寿ﾏｽｶｯﾂ,541,995,10,2
4134,ﾊﾟﾁｽﾛ ｶﾞｰﾙﾌﾚﾝﾄﾞ(仮),-418,3108,27,16
4135,防空少女ﾗﾌﾞｷｭｰﾚ,-1562,2691,10,8
4136,ﾊﾟﾁｽﾛ 北斗修羅の国篇,-1879,1834,3,3
4137,政宗2,-920,1605,5,4
4138,ぱちｽﾛ ｳﾙﾄﾗｾﾌﾞﾝ,-486,4745,39,31
4139,SLOTﾃﾞﾋﾞﾙﾏﾝχ,-831,852,1,2
4140,ﾊﾟﾁｽﾛ 閃乱ｶｸﾞﾗ,2763,5171,20,10
4141,ﾊﾟﾁｽﾛ 黒神 The Animation,-207,144,1,-
4142,十字架3,2011,3877,68,-
4143,ﾊﾟﾁｽﾛ AKB48 勝利の女神,176,466,11,2
4144,ﾊﾟﾁｽﾛ AKB48ﾊﾞﾗの儀式,-2051,3291,7,5
4145,ﾌﾞﾗｯｸﾗｸﾞｰﾝ3,1133,3650,16,17
4146,ﾊﾟﾁｽﾛ 亜人,-1149,3082,11,9
4147,ﾊﾟﾁｽﾛ化物語,-1528,4486,41,18
4148,ﾏｼﾞｶﾙﾊﾛｳｨﾝ5,642,4412,27,45
4149,ﾏｲｼﾞｬｸﾞﾗｰIII,-213,3595,13,6
4150,ﾏｲｼﾞｬｸﾞﾗｰIII,391,3175,13,7
4151,ﾏｲｼﾞｬｸﾞﾗｰIII,-1797,5624,14,15
4152,ﾏｲｼﾞｬｸﾞﾗｰIII,-555,1675,5,2
4153,ﾏｲｼﾞｬｸﾞﾗｰIII,2555,6216,29,20
4154,ﾏｲｼﾞｬｸﾞﾗｰIII,-371,1504,5,2
4155,ﾏｲｼﾞｬｸﾞﾗｰIII,227,1193,5,2
4156,ﾏｲｼﾞｬｸﾞﾗｰIII,-374,5943,18,24
4157,ﾏｲｼﾞｬｸﾞﾗｰIII,-679,6242,20,21
4158,ﾏｲｼﾞｬｸﾞﾗｰIII,-1007,1338,3,-
4159,ﾏｲｼﾞｬｸﾞﾗｰIII,-368,3458,13,5
4160,ﾏｲｼﾞｬｸﾞﾗｰIII,-433,1709,5,4
4161,ﾏｲｼﾞｬｸﾞﾗｰII 2013年,-265,7768,27,26
4162,ﾏｲｼﾞｬｸﾞﾗｰII 2013年,-1250,1592,2,5
4163,ﾏｲｼﾞｬｸﾞﾗｰII 2013年,1055,4465,19,13
4164,ﾏｲｼﾞｬｸﾞﾗｰII 2013年,2922,6899,33,22
4165,ﾏｲｼﾞｬｸﾞﾗｰII 2013年,-151,2599,10,3
4166,ﾏｲｼﾞｬｸﾞﾗｰII 2013年,840,3466,15,8
4167,ﾏｲｼﾞｬｸﾞﾗｰII 2013年,543,3922,18,7
4168,ﾏｲｼﾞｬｸﾞﾗｰII 2013年,-253,3114,9,13
4169,ﾌｧﾝｷｰｼﾞｬｸﾞﾗｰ,-790,1718,5,3
4170,ﾌｧﾝｷｰｼﾞｬｸﾞﾗｰ,-865,4997,16,10
4171,ﾌｧﾝｷｰｼﾞｬｸﾞﾗｰ,-1644,1437,1,2
4172,ﾌｧﾝｷｰｼﾞｬｸﾞﾗｰ,833,2942,12,13
4173,ﾌｧﾝｷｰｼﾞｬｸﾞﾗｰ,2076,3626,21,9
4174,ﾌｧﾝｷｰｼﾞｬｸﾞﾗｰ,-968,4556,13,14
4175,ﾌｧﾝｷｰｼﾞｬｸﾞﾗｰ,-1471,3196,6,10
4176,ｱｲﾑｼﾞｬｸﾞﾗｰEX-AE,367,6877,25,19
4177,ｱｲﾑｼﾞｬｸﾞﾗｰEX-AE,-913,2859,5,14
4178,ｱｲﾑｼﾞｬｸﾞﾗｰEX-AE,-1148,1727,3,3
4179,ｱｲﾑｼﾞｬｸﾞﾗｰEX-AE,443,5272,19,19
4180,ｱｲﾑｼﾞｬｸﾞﾗｰEX-AE,-280,1499,5,3
4181,ｱｲﾑｼﾞｬｸﾞﾗｰEX-AE,980,3522,16,9
4182,ｱｲﾑｼﾞｬｸﾞﾗｰEX-AE,-590,986,2,1
4183,ｱｲﾑｼﾞｬｸﾞﾗｰEX-AE,-437,827,2,1
4184,ｱｲﾑｼﾞｬｸﾞﾗｰEX-AE,835,7585,27,31
4185,ｼﾞｬｸﾞﾗｰｶﾞｰﾙｽﾞ,347,2837,12,7
4186,ｼﾞｬｸﾞﾗｰｶﾞｰﾙｽﾞ,-817,1290,3,2
4187,ｼﾞｬｸﾞﾗｰｶﾞｰﾙｽﾞ,-426,482,1,-
4188,ｼﾞｬｸﾞﾗｰｶﾞｰﾙｽﾞ,43,3749,14,7
4189,ｼﾞｬｸﾞﾗｰｶﾞｰﾙｽﾞ,-1897,2609,4,5
4190,ｼﾞｬｸﾞﾗｰｶﾞｰﾙｽﾞ,-894,1105,1,4
4191,ｼﾞｬｸﾞﾗｰｶﾞｰﾙｽﾞ,440,4831,18,15
4192,ｼﾞｬｸﾞﾗｰｶﾞｰﾙｽﾞ,-747,1340,3,3
4193,ｱｲﾑｼﾞｬｸﾞﾗｰEX-AE,-1686,2402,5,3
4194,ｱｲﾑｼﾞｬｸﾞﾗｰEX-AE,-36,2107,8,5
4195,ｱｲﾑｼﾞｬｸﾞﾗｰEX-AE,1468,3618,19,8
4196,ｱｲﾑｼﾞｬｸﾞﾗｰEX-AE,-925,3755,10,13
4197,ｱｲﾑｼﾞｬｸﾞﾗｰEX-AE,-2309,3059,4,8
4198,ｱｲﾑｼﾞｬｸﾞﾗｰEX-AE,-1408,2075,3,5
4199,ｱｲﾑｼﾞｬｸﾞﾗｰEX-AE,-489,3153,11,6
4200,ｱｲﾑｼﾞｬｸﾞﾗｰEX-AE,-685,5116,17,14
4201,GOGOｼﾞｬｸﾞﾗｰ,1551,5296,24,14
4202,GOGOｼﾞｬｸﾞﾗｰ,-1261,1270,1,2
4203,GOGOｼﾞｬｸﾞﾗｰ,-620,902,2,1
4204,GOGOｼﾞｬｸﾞﾗｰ,691,4324,19,14
4205,GOGOｼﾞｬｸﾞﾗｰ,1815,8178,33,31
4206,GOGOｼﾞｬｸﾞﾗｰ,-478,913,2,2
4207,GOGOｼﾞｬｸﾞﾗｰ,-722,2586,7,6
4208,GOGOｼﾞｬｸﾞﾗｰ,-478,1208,4,2
4209,GOGOｼﾞｬｸﾞﾗｰ,-682,1951,5,5
4210,GOGOｼﾞｬｸﾞﾗｰ,1072,5125,21,19
4211,GOGOｼﾞｬｸﾞﾗｰ,-910,895,1,-
4212,GOGOｼﾞｬｸﾞﾗｰ,1164,6744,30,23
4213,GOGOｼﾞｬｸﾞﾗｰ,278,2703,11,7
4214,GOGOｼﾞｬｸﾞﾗｰ,1310,7159,27,33
4215,GOGOｼﾞｬｸﾞﾗｰ,-827,3330,9,11
4216,GOGOｼﾞｬｸﾞﾗｰ,-269,1061,4,1
4217,GOGOｼﾞｬｸﾞﾗｰ,-1137,3931,9,17
4218,GOGOｼﾞｬｸﾞﾗｰ,-76,3629,14,10
4219,GOGOｼﾞｬｸﾞﾗｰ,-608,1053,3,1
4220,GOGOｼﾞｬｸﾞﾗｰ,2179,5609,26,23
4221,GOGOｼﾞｬｸﾞﾗｰ,-760,1162,2,3
4222,GOGOｼﾞｬｸﾞﾗｰ,-822,3523,9,14
4223,GOGOｼﾞｬｸﾞﾗｰ,-783,5503,18,15
4224,沖ﾄﾞｷ!,-1586,3470,22,8
4225,沖ﾄﾞｷ!,-1145,4050,24,16
4226,沖ﾄﾞｷ!,6276,3296,48,20
4227,沖ﾄﾞｷ!,-1752,1507,5,3
4228,沖ﾄﾞｷ!,-3289,3656,16,7
4229,沖ﾄﾞｷ!,4518,1927,33,11
4230,沖ﾄﾞｷ!,-645,2902,24,4
4231,沖ﾄﾞｷ!,-1702,3829,23,9
4232,沖ﾄﾞｷ!,2537,4242,41,20
4233,沖ﾄﾞｷ!,2829,3795,41,13
4234,沖ﾄﾞｷ!,1626,3166,35,7
4235,沖ﾄﾞｷ!,-1897,2481,14,3
4236,沖ﾄﾞｷ!,-2947,2358,8,2
4237,沖ﾄﾞｷ!,-916,1738,9,6
4238,沖ﾄﾞｷ!,-1989,1918,8,3
4239,沖ﾄﾞｷ!,-902,4050,27,14
4240,沖ﾄﾞｷ!,-1893,1506,4,3
4241,沖ﾄﾞｷ!,-506,3526,24,13
4242,沖ﾄﾞｷ!,-299,737,6,-
4243,沖ﾄﾞｷ!,-1304,2385,14,6
4244,沖ﾄﾞｷ!,22,3470,30,8
4245,沖ﾄﾞｷ!,-3018,2698,10,4
4246,沖ﾄﾞｷ!,-1574,1721,7,4
4247,沖ﾄﾞｷ!,-2260,1735,5,2
4248,沖ﾄﾞｷ!,-2834,3481,15,9
4249,沖ﾄﾞｷ!,-1826,3016,15,8
4250,沖ﾄﾞｷ!,5348,3251,45,17
4251,沖ﾄﾞｷ!,277,2428,20,7
4252,ﾊｯﾋﾟｰｼﾞｬｸﾞﾗｰVII,366,4367,16,15
4253,ﾊｯﾋﾟｰｼﾞｬｸﾞﾗｰVII,202,1299,6,2
4254,ﾊｯﾋﾟｰｼﾞｬｸﾞﾗｰVII,14,2401,11,4
4255,ﾊｯﾋﾟｰｼﾞｬｸﾞﾗｰVII,875,2920,13,8
4256,ﾊｯﾋﾟｰｼﾞｬｸﾞﾗｰVII,-868,1859,5,5
4257,ﾊｯﾋﾟｰｼﾞｬｸﾞﾗｰVII,-868,4116,13,10
4258,ｱｲﾑｼﾞｬｸﾞﾗｰEX-ｱﾆﾊﾞｰｻﾘｰED,-292,681,2,1
4259,ｱｲﾑｼﾞｬｸﾞﾗｰEX-ｱﾆﾊﾞｰｻﾘｰED,2222,5725,27,16
4260,ｱｲﾑｼﾞｬｸﾞﾗｰEX-ｱﾆﾊﾞｰｻﾘｰED,-8,984,4,1
4261,ｱｲﾑｼﾞｬｸﾞﾗｰEX-ｱﾆﾊﾞｰｻﾘｰED,-660,3604,12,7
4262,ｱｲﾑｼﾞｬｸﾞﾗｰEX-ｱﾆﾊﾞｰｻﾘｰED,-1365,2897,7,6
4263,ｽｰﾊﾟｰﾐﾗｸﾙｼﾞｬｸﾞﾗｰ,2547,5145,27,13
4264,ｽｰﾊﾟｰﾐﾗｸﾙｼﾞｬｸﾞﾗｰ,3341,5895,32,15
4265,ｽｰﾊﾟｰﾐﾗｸﾙｼﾞｬｸﾞﾗｰ,-210,6093,18,24
4266,ｽｰﾊﾟｰﾐﾗｸﾙｼﾞｬｸﾞﾗｰ,-429,2636,10,1
total,-,-42362,835638,-,-
