No,lotName,Payout,Rotation,Big,Reg
4001,ｱﾅｻﾞｰｺﾞｯﾄﾞﾊｰﾃﾞｽ-奪われた,-3649,2782,5,-
4002,ｱﾅｻﾞｰｺﾞｯﾄﾞﾊｰﾃﾞｽ-奪われた,-3612,3155,6,-
4003,ｱﾅｻﾞｰｺﾞｯﾄﾞﾊｰﾃﾞｽ-奪われた,-14,3460,13,-
4004,ｱﾅｻﾞｰｺﾞｯﾄﾞﾊｰﾃﾞｽ-奪われた,857,1485,4,-
4005,ｱﾅｻﾞｰｺﾞｯﾄﾞﾊｰﾃﾞｽ-奪われた,-2272,5311,20,-
4006,ﾐﾘｵﾝｺﾞｯﾄﾞ~神々の凱旋~,4890,216,17,1
4007,ﾐﾘｵﾝｺﾞｯﾄﾞ~神々の凱旋~,-144,3309,22,1
4008,ﾐﾘｵﾝｺﾞｯﾄﾞ~神々の凱旋~,-4537,3083,5,-
4009,ﾐﾘｵﾝｺﾞｯﾄﾞ~神々の凱旋~,-89,577,4,-
4010,ﾐﾘｵﾝｺﾞｯﾄﾞ~神々の凱旋~,16834,569,58,4
4011,ﾐﾘｵﾝｺﾞｯﾄﾞ~神々の凱旋~,-900,935,3,-
4012,ﾐﾘｵﾝｺﾞｯﾄﾞ~神々の凱旋~,8882,1457,40,1
4013,ﾐﾘｵﾝｺﾞｯﾄﾞ~神々の凱旋~,7277,1016,33,-
4014,ﾐﾘｵﾝｺﾞｯﾄﾞ~神々の凱旋~,132,2192,15,-
4015,ﾐﾘｵﾝｺﾞｯﾄﾞ~神々の凱旋~,-3158,2569,7,-
4016,ﾐﾘｵﾝｺﾞｯﾄﾞ~神々の凱旋~,-158,1621,11,-
4017,ﾐﾘｵﾝｺﾞｯﾄﾞ~神々の凱旋~,-6160,4098,7,-
4018,ﾐﾘｵﾝｺﾞｯﾄﾞ~神々の凱旋~,-1306,2825,14,1
4019,魔法少女まどか☆ﾏｷﾞｶ,2610,6049,16,14
4020,魔法少女まどか☆ﾏｷﾞｶ,6680,6262,13,10
4021,魔法少女まどか☆ﾏｷﾞｶ,202,4879,11,7
4022,魔法少女まどか☆ﾏｷﾞｶ,15,1916,6,5
4023,魔法少女まどか☆ﾏｷﾞｶ,730,6425,22,8
4024,魔法少女まどか☆ﾏｷﾞｶ,-825,4071,11,14
4025,魔法少女まどか☆ﾏｷﾞｶ,-678,3134,9,5
4026,魔法少女まどか☆ﾏｷﾞｶ,-1340,2906,11,7
4027,魔法少女まどか☆ﾏｷﾞｶ,3186,5923,13,16
4028,魔法少女まどか☆ﾏｷﾞｶ,-2923,2690,6,3
4029,魔法少女まどか☆ﾏｷﾞｶ,-1387,4234,7,3
4030,SLOT魔法少女まどかﾏｷﾞｶ2,5067,6952,34,30
4031,SLOT魔法少女まどかﾏｷﾞｶ2,-686,830,2,2
4032,SLOT魔法少女まどかﾏｷﾞｶ2,116,5640,19,18
4033,SLOT魔法少女まどかﾏｷﾞｶ2,-1480,4179,11,10
4034,SLOT魔法少女まどかﾏｷﾞｶ2,-1533,2254,4,3
4035,SLOT魔法少女まどかﾏｷﾞｶ2,-127,4053,15,12
4036,SLOT魔法少女まどかﾏｷﾞｶ2,-2284,2183,5,1
4037,ﾊﾟﾁｽﾛ 北斗 新伝説創造,-612,2401,6,12
4038,ﾊﾟﾁｽﾛ 北斗 新伝説創造,1317,2763,45,9
4039,ﾊﾟﾁｽﾛ北斗　転生の章,-1720,2267,18,10
4040,ﾊﾟﾁｽﾛ北斗　転生の章,-351,2978,36,9
4041,ﾊﾟﾁｽﾛ北斗　転生の章,-1507,2838,24,5
4042,ﾊﾟﾁｽﾛ北斗　転生の章,-225,1999,22,4
4043,ﾊﾞｼﾞﾘｽｸ 甲賀忍法帖 絆,3495,7463,66,40
4044,ﾊﾞｼﾞﾘｽｸ 甲賀忍法帖 絆,484,5496,36,29
4045,ﾊﾞｼﾞﾘｽｸ 甲賀忍法帖 絆,-1488,6219,43,22
4046,ﾊﾞｼﾞﾘｽｸ 甲賀忍法帖 絆,2779,7775,77,48
4047,ﾊﾞｼﾞﾘｽｸ 甲賀忍法帖 絆,1178,7921,53,33
4048,ﾊﾞｼﾞﾘｽｸ 甲賀忍法帖 絆,7848,8591,84,67
4049,ﾊﾞｼﾞﾘｽｸ 甲賀忍法帖 絆,9144,8550,81,55
4050,ﾊﾞｼﾞﾘｽｸ 甲賀忍法帖 絆,3397,6728,54,31
4051,ﾊﾞｼﾞﾘｽｸ 甲賀忍法帖 絆,327,7338,58,34
4052,ﾊﾞｼﾞﾘｽｸ 甲賀忍法帖 絆,116,5985,47,26
4053,ﾊﾞｼﾞﾘｽｸ 甲賀忍法帖 絆,-2771,7040,41,21
4054,押忍!番長3,715,3530,41,6
4055,押忍!番長3,-1315,6203,43,12
4056,押忍!番長3,-839,4630,35,5
4057,押忍!番長3,-264,3631,33,5
4058,押忍!番長3,-2011,3782,22,3
4059,押忍!番長3,4633,4685,84,17
4060,押忍!番長3,-2192,2393,4,2
4061,押忍!番長3,-3685,4507,20,-
4062,押忍!番長3,-1588,3505,25,2
4063,押忍!番長3,-2959,3372,10,-
4064,ﾊﾟﾁｽﾛ 笑ｩせぇるすまん3,-903,1555,6,4
4065,ﾊﾟﾁｽﾛ 笑ｩせぇるすまん3,-1553,2266,7,7
4066,ﾊﾟﾁｽﾛ 笑ｩせぇるすまん3,-2527,4271,16,15
4067,ｺｰﾄﾞｷﾞｱｽR2反逆のﾙﾙｰｼｭ,-306,2337,11,8
4068,ｺｰﾄﾞｷﾞｱｽR2反逆のﾙﾙｰｼｭ,-1100,1671,9,3
4069,ｺｰﾄﾞｷﾞｱｽR2反逆のﾙﾙｰｼｭ,-1365,2998,13,8
4070,ｺｰﾄﾞｷﾞｱｽR2反逆のﾙﾙｰｼｭ,778,4258,21,24
4071,GI優駿倶楽部,-1266,1825,6,-
4072,GI優駿倶楽部,-861,1995,14,-
4073,GI優駿倶楽部,-576,961,2,-
4074,GI優駿倶楽部,-342,1164,12,-
4075,地獄少女 宵伽,267,553,2,-
4076,地獄少女 宵伽,764,1137,7,-
4077,地獄少女 宵伽,-248,325,1,-
4078,地獄少女 宵伽,-490,691,1,-
4079,ﾊﾟﾁｽﾛ 聖闘士星矢海皇覚醒,1115,2504,40,3
4080,ﾊﾟﾁｽﾛ 聖闘士星矢海皇覚醒,299,2045,23,2
4081,ﾊﾟﾁｽﾛ 聖闘士星矢海皇覚醒,-1257,1066,1,-
4082,ﾊﾟﾁｽﾛ 聖闘士星矢海皇覚醒,-72,4492,41,5
4083,ﾊﾟﾁｽﾛﾓﾝｽﾀｰﾊﾝﾀｰ月下雷鳴,8286,3070,87,-
4084,ﾊﾟﾁｽﾛﾓﾝｽﾀｰﾊﾝﾀｰ月下雷鳴,-1800,1175,2,-
4085,ﾊﾟﾁｽﾛﾓﾝｽﾀｰﾊﾝﾀｰ月下雷鳴,4271,2610,53,-
4086,ﾊﾟﾁｽﾛﾓﾝｽﾀｰﾊﾝﾀｰ月下雷鳴,1235,3677,48,-
4087,ﾆｭｰﾊﾟﾙｻｰSPII,-1410,1818,2,5
4088,ﾆｭｰﾊﾟﾙｻｰSPII,187,2103,10,2
4089,ﾆｭｰﾊﾟﾙｻｰSPII,359,6325,23,18
4090,ﾆｭｰﾊﾟﾙｻｰSPII,-1497,2510,4,7
4091,ﾊﾞｰｻｽ,-101,3960,12,12
4092,ﾊﾞｰｻｽ,1405,816,7,2
4093,ﾊﾞｰｻｽ,6760,8459,42,31
4094,ﾊﾞｰｻｽ,-212,633,1,2
4095,ﾊﾟﾁｽﾛ ｺｰﾄﾞｷﾞｱｽR2C.C.,-517,640,1,1
4096,ﾊﾟﾁｽﾛ ｺｰﾄﾞｷﾞｱｽR2C.C.,2190,1949,11,3
4097,ﾊﾟﾁｽﾛ ｺｰﾄﾞｷﾞｱｽR2C.C.,360,776,4,-
4098,ﾊﾟﾁｽﾛ ｺｰﾄﾞｷﾞｱｽR2C.C.,279,846,3,2
4099,ﾊﾟﾁｽﾛｴｳﾚｶｾﾌﾞﾝAO,-732,481,1,-
4100,ﾊﾟﾁｽﾛｴｳﾚｶｾﾌﾞﾝAO,-229,1639,8,4
4101,ﾊﾟﾁｽﾛｴｳﾚｶｾﾌﾞﾝAO,-310,533,4,1
4102,ﾊﾟﾁｽﾛｴｳﾚｶｾﾌﾞﾝAO,2052,2521,8,25
4103,ｸﾚｱの秘宝伝 眠りの塔,201,3086,11,9
4104,ｸﾚｱの秘宝伝 眠りの塔,5298,7834,40,27
4105,ｸﾚｱの秘宝伝 眠りの塔,-74,2143,8,3
4106,押忍!番長A,182,1226,4,5
4107,押忍!番長A,-688,1290,3,3
4108,押忍!番長A,-648,952,2,2
4109,SLOT魔法少女まどかﾏｷﾞｶA,-363,406,1,-
4110,SLOT魔法少女まどかﾏｷﾞｶA,-16,3678,15,6
4111,SLOT魔法少女まどかﾏｷﾞｶA,-376,228,-,-
4112,ﾊﾅﾋﾞ,361,1517,6,2
4113,ﾊﾅﾋﾞ,1409,7021,26,19
4114,ﾊﾅﾋﾞ,-275,903,2,2
4115,ﾊﾅﾋﾞ,-1137,2584,6,5
4116,ﾊﾅﾋﾞ,-810,2110,6,3
4117,ﾊﾅﾋﾞ,434,4586,16,13
4118,ｴｳﾞｧﾝｹﾞﾘｵﾝ･ﾏｺﾞｺﾛを君に2,-943,2517,4,7
4119,ﾊﾟﾁｽﾛ 貞子vs伽椰子,-33,4101,14,9
4120,ﾊﾟﾁｽﾛ BLOOD+ 二人の女王,-1963,1792,1,2
4121,ﾊﾟﾁｽﾛ 織田信奈の野望,-1536,1719,8,3
4122,ﾊﾟﾁｽﾛ 討鬼伝,501,190,5,2
4123,ﾊﾟﾁｽﾛ ﾘﾝｸﾞ 終焉ﾉ刻,1106,2095,19,6
4124,盗忍!剛衛門,-615,585,-,-
4125,戦国乙女2,197,1031,9,5
4126,ﾊﾟﾁｽﾛ 呪怨,1114,1738,28,11
4127,ｱｶｷﾞ 闇に降り立った天才,-1768,1618,1,4
4128,悪魔城ﾄﾞﾗｷｭﾗ LoS,-857,1688,6,6
4129,燃えよ!功夫淑女ﾄﾞﾗｺﾞﾝ,-1414,1263,2,1
4130,回胴性ﾐﾘｵﾝｱｰｻｰ,1070,820,4,4
4131,盗忍!剛衛門,-429,904,4,2
4132,ﾊﾟﾁｽﾛ ｺﾞﾙｺﾞ13,-38,615,2,1
4133,ﾊﾟﾁｽﾛ化物語,-180,4307,49,18
4134,ﾊﾟﾁｽﾛ ｶﾞｰﾙﾌﾚﾝﾄﾞ(仮),-957,2413,11,8
4135,防空少女ﾗﾌﾞｷｭｰﾚ,-563,1685,7,9
4136,ﾊﾟﾁｽﾛ 北斗修羅の国篇,550,1747,25,6
4137,政宗2,-1784,2817,5,7
4138,ぱちｽﾛ ｳﾙﾄﾗｾﾌﾞﾝ,324,1496,13,10
4139,SLOTﾃﾞﾋﾞﾙﾏﾝχ,113,3053,12,17
4140,ﾊﾟﾁｽﾛ 閃乱ｶｸﾞﾗ,2419,2452,11,3
4141,ﾊﾟﾁｽﾛ 蒼穹のﾌｧﾌﾅｰ,-2465,3974,15,3
4142,十字架3,-1145,1733,9,-
4143,ﾊﾟﾁｽﾛ AKB48 勝利の女神,862,1129,30,2
4144,ﾊﾟﾁｽﾛ AKB48ﾊﾞﾗの儀式,2424,8282,33,24
4145,ﾌﾞﾗｯｸﾗｸﾞｰﾝ3,-1460,2808,10,5
4146,ﾊﾟﾁｽﾛ 亜人,-274,554,3,2
4147,花の慶次~天を穿つ戦槍~,-107,2418,16,9
4148,ﾏｼﾞｶﾙﾊﾛｳｨﾝ5,-784,859,3,3
4149,ﾏｲｼﾞｬｸﾞﾗｰIII,-209,6445,23,19
4150,ﾏｲｼﾞｬｸﾞﾗｰIII,-1194,2757,7,4
4151,ﾏｲｼﾞｬｸﾞﾗｰIII,-1972,2685,5,4
4152,ﾏｲｼﾞｬｸﾞﾗｰIII,-1081,5310,17,13
4153,ﾏｲｼﾞｬｸﾞﾗｰIII,-478,5804,18,20
4154,ﾏｲｼﾞｬｸﾞﾗｰIII,-1333,2746,5,7
4155,ﾏｲｼﾞｬｸﾞﾗｰIII,-1472,2445,5,7
4156,ﾏｲｼﾞｬｸﾞﾗｰIII,527,7103,25,23
4157,ﾏｲｼﾞｬｸﾞﾗｰIII,-97,3811,13,11
4158,ﾏｲｼﾞｬｸﾞﾗｰIII,682,6088,22,24
4159,ﾏｲｼﾞｬｸﾞﾗｰIII,-1396,3370,8,9
4160,ﾏｲｼﾞｬｸﾞﾗｰIII,-981,2542,6,6
4161,ﾏｲｼﾞｬｸﾞﾗｰII 2013年,-255,5481,19,17
4162,ﾏｲｼﾞｬｸﾞﾗｰII 2013年,-2162,4696,10,12
4163,ﾏｲｼﾞｬｸﾞﾗｰII 2013年,1036,6395,24,21
4164,ﾏｲｼﾞｬｸﾞﾗｰII 2013年,-829,4455,13,14
4165,ﾏｲｼﾞｬｸﾞﾗｰII 2013年,-935,9407,31,24
4166,ﾏｲｼﾞｬｸﾞﾗｰII 2013年,-1044,1736,3,4
4167,ﾏｲｼﾞｬｸﾞﾗｰII 2013年,-954,2445,5,7
4168,ﾏｲｼﾞｬｸﾞﾗｰII 2013年,1620,6351,26,21
4169,ﾌｧﾝｷｰｼﾞｬｸﾞﾗｰ,1229,6164,30,10
4170,ﾌｧﾝｷｰｼﾞｬｸﾞﾗｰ,1462,5652,26,12
4171,ﾌｧﾝｷｰｼﾞｬｸﾞﾗｰ,-1874,2402,3,6
4172,ﾌｧﾝｷｰｼﾞｬｸﾞﾗｰ,-1436,2235,5,3
4173,ﾌｧﾝｷｰｼﾞｬｸﾞﾗｰ,421,4719,20,11
4174,ﾌｧﾝｷｰｼﾞｬｸﾞﾗｰ,-1176,2630,7,4
4175,ﾌｧﾝｷｰｼﾞｬｸﾞﾗｰ,-1156,3861,12,5
4176,ｱｲﾑｼﾞｬｸﾞﾗｰEX-AE,-1622,3855,9,11
4177,ｱｲﾑｼﾞｬｸﾞﾗｰEX-AE,2733,4402,24,14
4178,ｱｲﾑｼﾞｬｸﾞﾗｰEX-AE,-655,1569,4,4
4179,ｱｲﾑｼﾞｬｸﾞﾗｰEX-AE,519,3779,17,5
4180,ｱｲﾑｼﾞｬｸﾞﾗｰEX-AE,-387,2224,8,4
4181,ｱｲﾑｼﾞｬｸﾞﾗｰEX-AE,-473,1163,3,2
4182,ｱｲﾑｼﾞｬｸﾞﾗｰEX-AE,462,4228,17,10
4183,ｱｲﾑｼﾞｬｸﾞﾗｰEX-AE,-1117,1091,1,2
4184,ｱｲﾑｼﾞｬｸﾞﾗｰEX-AE,-339,5370,20,13
4185,ｼﾞｬｸﾞﾗｰｶﾞｰﾙｽﾞ,-666,913,1,2
4186,ｼﾞｬｸﾞﾗｰｶﾞｰﾙｽﾞ,1079,4743,22,10
4187,ｼﾞｬｸﾞﾗｰｶﾞｰﾙｽﾞ,-449,1116,2,1
4188,ｼﾞｬｸﾞﾗｰｶﾞｰﾙｽﾞ,662,5232,21,13
4189,ｼﾞｬｸﾞﾗｰｶﾞｰﾙｽﾞ,599,5327,22,13
4190,ｼﾞｬｸﾞﾗｰｶﾞｰﾙｽﾞ,-1110,2092,5,4
4191,ｼﾞｬｸﾞﾗｰｶﾞｰﾙｽﾞ,-1471,2134,4,4
4192,ｼﾞｬｸﾞﾗｰｶﾞｰﾙｽﾞ,-683,736,1,1
4193,ｱｲﾑｼﾞｬｸﾞﾗｰEX-AE,-1134,5574,17,15
4194,ｱｲﾑｼﾞｬｸﾞﾗｰEX-AE,-2550,3571,6,7
4195,ｱｲﾑｼﾞｬｸﾞﾗｰEX-AE,-38,4198,16,9
4196,ｱｲﾑｼﾞｬｸﾞﾗｰEX-AE,-705,1258,3,2
4197,ｱｲﾑｼﾞｬｸﾞﾗｰEX-AE,-400,1846,6,3
4198,ｱｲﾑｼﾞｬｸﾞﾗｰEX-AE,20,2322,9,6
4199,ｱｲﾑｼﾞｬｸﾞﾗｰEX-AE,600,5878,22,20
4200,ｱｲﾑｼﾞｬｸﾞﾗｰEX-AE,-548,2268,8,2
4201,GOGOｼﾞｬｸﾞﾗｰ,-1965,6148,17,17
4202,GOGOｼﾞｬｸﾞﾗｰ,-551,5425,18,20
4203,GOGOｼﾞｬｸﾞﾗｰ,-424,2093,7,4
4204,GOGOｼﾞｬｸﾞﾗｰ,851,3694,19,5
4205,GOGOｼﾞｬｸﾞﾗｰ,-3453,4680,5,20
4206,GOGOｼﾞｬｸﾞﾗｰ,-766,3560,12,10
4207,GOGOｼﾞｬｸﾞﾗｰ,-907,1999,5,4
4208,GOGOｼﾞｬｸﾞﾗｰ,-1516,1761,2,4
4209,GOGOｼﾞｬｸﾞﾗｰ,-554,1943,7,3
4210,GOGOｼﾞｬｸﾞﾗｰ,1071,4237,20,12
4211,GOGOｼﾞｬｸﾞﾗｰ,-1252,2397,5,8
4212,GOGOｼﾞｬｸﾞﾗｰ,-262,2573,10,4
4213,GOGOｼﾞｬｸﾞﾗｰ,-1415,5632,17,20
4214,GOGOｼﾞｬｸﾞﾗｰ,-798,1560,3,5
4215,GOGOｼﾞｬｸﾞﾗｰ,-814,1041,1,4
4216,GOGOｼﾞｬｸﾞﾗｰ,-1034,5270,13,23
4217,GOGOｼﾞｬｸﾞﾗｰ,-1613,2149,4,3
4218,GOGOｼﾞｬｸﾞﾗｰ,-1109,1603,3,4
4219,GOGOｼﾞｬｸﾞﾗｰ,-333,896,3,1
4220,GOGOｼﾞｬｸﾞﾗｰ,512,6600,24,27
4221,GOGOｼﾞｬｸﾞﾗｰ,-430,276,-,-
4222,GOGOｼﾞｬｸﾞﾗｰ,-204,3936,13,14
4223,GOGOｼﾞｬｸﾞﾗｰ,-1205,1158,2,-
4224,沖ﾄﾞｷ!,-2859,2947,13,5
4225,沖ﾄﾞｷ!,-1610,1303,3,3
4226,沖ﾄﾞｷ!,-1724,899,1,-
4227,沖ﾄﾞｷ!,2633,3212,34,16
4228,沖ﾄﾞｷ!,-4163,2335,2,2
4229,沖ﾄﾞｷ!,-1022,2456,15,8
4230,沖ﾄﾞｷ!,-1456,1000,2,2
4231,沖ﾄﾞｷ!,-2294,2532,11,5
4232,沖ﾄﾞｷ!,-1766,929,1,-
4233,沖ﾄﾞｷ!,-91,1009,8,2
4234,沖ﾄﾞｷ!,-1995,3751,22,8
4235,沖ﾄﾞｷ!,-2214,3420,15,13
4236,沖ﾄﾞｷ!,-2195,2967,16,5
4237,沖ﾄﾞｷ!,2622,4100,38,22
4238,沖ﾄﾞｷ!,618,2217,20,7
4239,沖ﾄﾞｷ!,-885,408,-,-
4240,沖ﾄﾞｷ!,-1798,1971,10,2
4241,沖ﾄﾞｷ!,-2644,2893,11,7
4242,沖ﾄﾞｷ!,3233,2956,36,11
4243,沖ﾄﾞｷ!,-1105,1539,9,2
4244,沖ﾄﾞｷ!,-3501,2931,8,7
4245,沖ﾄﾞｷ!,-1805,2514,12,6
4246,沖ﾄﾞｷ!,1394,833,13,3
4247,沖ﾄﾞｷ!,-654,3517,23,13
4248,沖ﾄﾞｷ!,-3075,2196,4,5
4249,沖ﾄﾞｷ!,-1462,2903,18,6
4250,沖ﾄﾞｷ!,3014,1960,29,6
4251,沖ﾄﾞｷ!,-2734,1708,3,2
4252,ﾊｯﾋﾟｰｼﾞｬｸﾞﾗｰVII,3835,6404,37,18
4253,ﾊｯﾋﾟｰｼﾞｬｸﾞﾗｰVII,-2314,2203,3,-
4254,ﾊｯﾋﾟｰｼﾞｬｸﾞﾗｰVII,-1062,2973,7,8
4255,ﾊｯﾋﾟｰｼﾞｬｸﾞﾗｰVII,-523,2098,6,6
4256,ﾊｯﾋﾟｰｼﾞｬｸﾞﾗｰVII,1532,3582,19,7
4257,ﾊｯﾋﾟｰｼﾞｬｸﾞﾗｰVII,-711,1364,3,2
4258,ｱｲﾑｼﾞｬｸﾞﾗｰEX-ｱﾆﾊﾞｰｻﾘｰED,-413,918,3,-
4259,ｱｲﾑｼﾞｬｸﾞﾗｰEX-ｱﾆﾊﾞｰｻﾘｰED,-894,1468,3,2
4260,ｱｲﾑｼﾞｬｸﾞﾗｰEX-ｱﾆﾊﾞｰｻﾘｰED,-724,3922,12,11
4261,ｱｲﾑｼﾞｬｸﾞﾗｰEX-ｱﾆﾊﾞｰｻﾘｰED,-149,3293,10,14
4262,ｱｲﾑｼﾞｬｸﾞﾗｰEX-ｱﾆﾊﾞｰｻﾘｰED,-702,3119,9,9
4263,ｽｰﾊﾟｰﾐﾗｸﾙｼﾞｬｸﾞﾗｰ,-1237,2223,4,5
4264,ｽｰﾊﾟｰﾐﾗｸﾙｼﾞｬｸﾞﾗｰ,-1270,4259,11,13
4265,ｽｰﾊﾟｰﾐﾗｸﾙｼﾞｬｸﾞﾗｰ,-590,1925,6,3
4266,ｽｰﾊﾟｰﾐﾗｸﾙｼﾞｬｸﾞﾗｰ,-578,4463,16,7
total,-,-40321,813327,-,-
