No,lotName,Payout,Rotation,Big,Reg
4001,ｱﾅｻﾞｰｺﾞｯﾄﾞﾊｰﾃﾞｽ-奪われた,-663,4735,18,-
4002,ｱﾅｻﾞｰｺﾞｯﾄﾞﾊｰﾃﾞｽ-奪われた,-5231,4954,11,-
4003,ｱﾅｻﾞｰｺﾞｯﾄﾞﾊｰﾃﾞｽ-奪われた,-3359,2461,3,-
4004,ｱﾅｻﾞｰｺﾞｯﾄﾞﾊｰﾃﾞｽ-奪われた,-3621,3800,8,-
4005,ｱﾅｻﾞｰｺﾞｯﾄﾞﾊｰﾃﾞｽ-奪われた,-1584,2832,9,-
4006,ﾐﾘｵﾝｺﾞｯﾄﾞ~神々の凱旋~,6154,3202,42,1
4007,ﾐﾘｵﾝｺﾞｯﾄﾞ~神々の凱旋~,-3366,1902,2,-
4008,ﾐﾘｵﾝｺﾞｯﾄﾞ~神々の凱旋~,-1933,2086,7,-
4009,ﾐﾘｵﾝｺﾞｯﾄﾞ~神々の凱旋~,-1257,4030,22,-
4010,ﾐﾘｵﾝｺﾞｯﾄﾞ~神々の凱旋~,958,1659,15,-
4011,ﾐﾘｵﾝｺﾞｯﾄﾞ~神々の凱旋~,-4751,2728,3,-
4012,ﾐﾘｵﾝｺﾞｯﾄﾞ~神々の凱旋~,-4490,4006,12,-
4013,ﾐﾘｵﾝｺﾞｯﾄﾞ~神々の凱旋~,-1916,3501,16,-
4014,ﾐﾘｵﾝｺﾞｯﾄﾞ~神々の凱旋~,-2406,2729,11,-
4015,ﾐﾘｵﾝｺﾞｯﾄﾞ~神々の凱旋~,1767,947,13,1
4016,ﾐﾘｵﾝｺﾞｯﾄﾞ~神々の凱旋~,4484,2105,31,-
4017,ﾐﾘｵﾝｺﾞｯﾄﾞ~神々の凱旋~,2798,4235,39,1
4018,ﾐﾘｵﾝｺﾞｯﾄﾞ~神々の凱旋~,9424,1142,39,2
4019,魔法少女まどか☆ﾏｷﾞｶ,4765,8743,20,22
4020,魔法少女まどか☆ﾏｷﾞｶ,-2383,2796,8,4
4021,魔法少女まどか☆ﾏｷﾞｶ,540,6980,18,15
4022,魔法少女まどか☆ﾏｷﾞｶ,-2198,2760,6,5
4023,魔法少女まどか☆ﾏｷﾞｶ,-2513,4686,9,7
4024,魔法少女まどか☆ﾏｷﾞｶ,-1100,1692,2,1
4025,魔法少女まどか☆ﾏｷﾞｶ,-2363,5243,14,4
4026,魔法少女まどか☆ﾏｷﾞｶ,-1170,2279,4,5
4027,魔法少女まどか☆ﾏｷﾞｶ,242,7142,26,18
4028,魔法少女まどか☆ﾏｷﾞｶ,-1262,1736,5,2
4029,魔法少女まどか☆ﾏｷﾞｶ,302,4438,18,6
4030,SLOT魔法少女まどかﾏｷﾞｶ2,-1076,861,-,1
4031,SLOT魔法少女まどかﾏｷﾞｶ2,3632,4583,15,15
4032,SLOT魔法少女まどかﾏｷﾞｶ2,681,3082,14,14
4033,SLOT魔法少女まどかﾏｷﾞｶ2,679,5043,21,20
4034,SLOT魔法少女まどかﾏｷﾞｶ2,-1069,809,1,-
4035,SLOT魔法少女まどかﾏｷﾞｶ2,52,7191,23,26
4036,SLOT魔法少女まどかﾏｷﾞｶ2,-1410,2574,7,6
4037,ﾊﾟﾁｽﾛ 北斗 新伝説創造,-1633,2314,6,7
4038,ﾊﾟﾁｽﾛ 北斗 新伝説創造,-898,2238,11,9
4039,ﾊﾟﾁｽﾛ北斗　転生の章,-2220,4843,48,18
4040,ﾊﾟﾁｽﾛ北斗　転生の章,-905,1070,7,2
4041,ﾊﾟﾁｽﾛ北斗　転生の章,772,1831,29,6
4042,ﾊﾟﾁｽﾛ北斗　転生の章,-593,2763,32,10
4043,ﾊﾞｼﾞﾘｽｸ 甲賀忍法帖 絆,-1329,6891,51,30
4044,ﾊﾞｼﾞﾘｽｸ 甲賀忍法帖 絆,-3963,6946,46,20
4045,ﾊﾞｼﾞﾘｽｸ 甲賀忍法帖 絆,-3058,5727,37,16
4046,ﾊﾞｼﾞﾘｽｸ 甲賀忍法帖 絆,-3304,8125,62,27
4047,ﾊﾞｼﾞﾘｽｸ 甲賀忍法帖 絆,-2995,4934,25,13
4048,ﾊﾞｼﾞﾘｽｸ 甲賀忍法帖 絆,-13,8353,58,34
4049,ﾊﾞｼﾞﾘｽｸ 甲賀忍法帖 絆,-3204,3780,21,6
4050,ﾊﾞｼﾞﾘｽｸ 甲賀忍法帖 絆,-205,8844,63,36
4051,ﾊﾞｼﾞﾘｽｸ 甲賀忍法帖 絆,7423,8560,80,52
4052,ﾊﾞｼﾞﾘｽｸ 甲賀忍法帖 絆,-653,5534,37,21
4053,ﾊﾞｼﾞﾘｽｸ 甲賀忍法帖 絆,-2517,7392,57,26
4054,押忍!番長3,-1961,2974,12,2
4055,押忍!番長3,-364,481,2,-
4056,押忍!番長3,162,3025,27,7
4057,押忍!番長3,2497,1641,37,9
4058,押忍!番長3,-293,2544,19,7
4059,押忍!番長3,1893,3839,52,9
4060,押忍!番長3,6460,5377,113,13
4061,押忍!番長3,4071,1966,53,11
4062,押忍!番長3,1168,2748,35,4
4063,押忍!番長3,-1536,2679,15,1
4064,ﾊﾟﾁｽﾛ 笑ｩせぇるすまん3,-1135,1497,4,4
4065,ﾊﾟﾁｽﾛ 笑ｩせぇるすまん3,-986,2377,12,10
4066,ﾊﾟﾁｽﾛ 笑ｩせぇるすまん3,1657,1388,39,5
4067,ｺｰﾄﾞｷﾞｱｽR2反逆のﾙﾙｰｼｭ,-516,566,2,-
4068,ｺｰﾄﾞｷﾞｱｽR2反逆のﾙﾙｰｼｭ,-318,5148,25,28
4069,ｺｰﾄﾞｷﾞｱｽR2反逆のﾙﾙｰｼｭ,-463,297,1,-
4070,ｺｰﾄﾞｷﾞｱｽR2反逆のﾙﾙｰｼｭ,-235,2991,11,20
4071,GI優駿倶楽部,-1056,2438,18,-
4072,GI優駿倶楽部,-120,1461,11,-
4073,GI優駿倶楽部,-1002,1624,6,-
4074,GI優駿倶楽部,-432,1301,9,-
4075,地獄少女 宵伽,21,776,2,-
4076,地獄少女 宵伽,-716,2157,2,-
4077,地獄少女 宵伽,-63,29,-,-
4078,地獄少女 宵伽,-386,1145,6,-
4079,ﾊﾟﾁｽﾛ 聖闘士星矢海皇覚醒,9661,2443,124,1
4080,ﾊﾟﾁｽﾛ 聖闘士星矢海皇覚醒,3841,1974,62,1
4081,ﾊﾟﾁｽﾛ 聖闘士星矢海皇覚醒,-1793,2994,14,1
4082,ﾊﾟﾁｽﾛ 聖闘士星矢海皇覚醒,684,5336,56,4
4083,ﾊﾟﾁｽﾛﾓﾝｽﾀｰﾊﾝﾀｰ月下雷鳴,-2413,3276,21,-
4084,ﾊﾟﾁｽﾛﾓﾝｽﾀｰﾊﾝﾀｰ月下雷鳴,-1074,3810,34,-
4085,ﾊﾟﾁｽﾛﾓﾝｽﾀｰﾊﾝﾀｰ月下雷鳴,246,3383,39,-
4086,ﾊﾟﾁｽﾛﾓﾝｽﾀｰﾊﾝﾀｰ月下雷鳴,-393,4594,52,-
4087,ﾆｭｰﾊﾟﾙｻｰSPII,-971,4159,12,12
4088,ﾆｭｰﾊﾟﾙｻｰSPII,1802,4781,23,13
4089,ﾆｭｰﾊﾟﾙｻｰSPII,390,5586,19,20
4090,ﾆｭｰﾊﾟﾙｻｰSPII,554,2714,11,8
4091,ﾊﾞｰｻｽ,1085,2084,9,9
4092,ﾊﾞｰｻｽ,-1561,5284,11,17
4093,ﾊﾞｰｻｽ,-1178,4798,12,14
4094,ﾊﾞｰｻｽ,1031,2670,12,3
4095,ﾊﾟﾁｽﾛ ｺｰﾄﾞｷﾞｱｽR2C.C.,-72,928,2,3
4096,ﾊﾟﾁｽﾛ ｺｰﾄﾞｷﾞｱｽR2C.C.,-340,209,-,-
4097,ﾊﾟﾁｽﾛ ｺｰﾄﾞｷﾞｱｽR2C.C.,-96,1620,4,5
4098,ﾊﾟﾁｽﾛ ｺｰﾄﾞｷﾞｱｽR2C.C.,-64,330,1,-
4099,ﾊﾟﾁｽﾛｴｳﾚｶｾﾌﾞﾝAO,509,1425,7,9
4100,ﾊﾟﾁｽﾛｴｳﾚｶｾﾌﾞﾝAO,-1214,1376,5,2
4101,ﾊﾟﾁｽﾛｴｳﾚｶｾﾌﾞﾝAO,-207,887,1,5
4102,ﾊﾟﾁｽﾛｴｳﾚｶｾﾌﾞﾝAO,14219,8880,39,78
4103,ｸﾚｱの秘宝伝 眠りの塔,1570,5485,24,11
4104,ｸﾚｱの秘宝伝 眠りの塔,-501,1242,3,2
4105,ｸﾚｱの秘宝伝 眠りの塔,-285,2797,10,5
4106,押忍!番長A,-865,1104,2,1
4107,押忍!番長A,820,2505,12,8
4108,押忍!番長A,1260,7067,28,20
4109,SLOT魔法少女まどかﾏｷﾞｶA,-173,394,1,1
4110,SLOT魔法少女まどかﾏｷﾞｶA,-8,384,2,-
4111,SLOT魔法少女まどかﾏｷﾞｶA,-339,2810,10,6
4112,ﾊﾅﾋﾞ,-994,1057,1,2
4113,ﾊﾅﾋﾞ,-592,4952,17,9
4114,ﾊﾅﾋﾞ,-348,698,2,-
4115,ﾊﾅﾋﾞ,856,4570,18,11
4116,ﾊﾅﾋﾞ,-238,2169,6,8
4117,ﾊﾅﾋﾞ,-1412,3813,8,13
4118,ｴｳﾞｧﾝｹﾞﾘｵﾝ･ﾏｺﾞｺﾛを君に2,-901,1534,3,5
4119,ﾊﾟﾁｽﾛ 貞子vs伽椰子,-1029,2236,5,4
4120,ﾊﾟﾁｽﾛ BLOOD+ 二人の女王,-1594,3765,21,9
4121,ﾊﾟﾁｽﾛ 織田信奈の野望,-146,535,6,3
4122,ﾊﾟﾁｽﾛ 討鬼伝,852,1357,13,5
4123,ﾊﾟﾁｽﾛ ﾘﾝｸﾞ 終焉ﾉ刻,7,1363,7,3
4124,盗忍!剛衛門,799,502,8,3
4125,戦国乙女2,518,1782,14,2
4126,ﾊﾟﾁｽﾛ 呪怨,417,4301,29,24
4127,ｱｶｷﾞ 闇に降り立った天才,-475,920,-,9
4128,悪魔城ﾄﾞﾗｷｭﾗ LoS,-1622,1426,2,1
4129,燃えよ!功夫淑女ﾄﾞﾗｺﾞﾝ,-181,2554,12,13
4130,回胴性ﾐﾘｵﾝｱｰｻｰ,-104,1683,2,4
4131,盗忍!剛衛門,1541,1436,21,3
4132,ﾊﾟﾁｽﾛ ｺﾞﾙｺﾞ13,-458,435,-,-
4133,ﾊﾟﾁｽﾛ化物語,-936,5086,52,20
4134,ﾊﾟﾁｽﾛ ｶﾞｰﾙﾌﾚﾝﾄﾞ(仮),0,-,-,-
4135,防空少女ﾗﾌﾞｷｭｰﾚ,-148,514,2,2
4136,ﾊﾟﾁｽﾛ 北斗修羅の国篇,2648,2778,55,15
4137,政宗2,-2506,3505,7,5
4138,ぱちｽﾛ ｳﾙﾄﾗｾﾌﾞﾝ,-1680,3812,23,19
4139,SLOTﾃﾞﾋﾞﾙﾏﾝχ,-2081,2001,4,1
4140,ﾊﾟﾁｽﾛ 閃乱ｶｸﾞﾗ,-1254,1164,2,2
4141,ﾊﾟﾁｽﾛ 蒼穹のﾌｧﾌﾅｰ,-1723,4550,17,7
4142,十字架3,-884,1640,12,-
4143,ﾊﾟﾁｽﾛ AKB48 勝利の女神,-505,804,4,1
4144,ﾊﾟﾁｽﾛ AKB48ﾊﾞﾗの儀式,623,6490,31,21
4145,ﾌﾞﾗｯｸﾗｸﾞｰﾝ3,-918,943,2,1
4146,ﾊﾟﾁｽﾛ 亜人,587,1670,4,4
4147,花の慶次~天を穿つ戦槍~,-500,1261,6,3
4148,ﾏｼﾞｶﾙﾊﾛｳｨﾝ5,-1887,2111,6,10
4149,ﾏｲｼﾞｬｸﾞﾗｰIII,-1698,4787,14,6
4150,ﾏｲｼﾞｬｸﾞﾗｰIII,-2169,5556,13,16
4151,ﾏｲｼﾞｬｸﾞﾗｰIII,2117,7002,30,24
4152,ﾏｲｼﾞｬｸﾞﾗｰIII,-1489,2406,4,6
4153,ﾏｲｼﾞｬｸﾞﾗｰIII,-1956,4471,10,13
4154,ﾏｲｼﾞｬｸﾞﾗｰIII,-1977,4755,9,17
4155,ﾏｲｼﾞｬｸﾞﾗｰIII,1336,6292,28,15
4156,ﾏｲｼﾞｬｸﾞﾗｰIII,-664,2527,6,9
4157,ﾏｲｼﾞｬｸﾞﾗｰIII,-1425,2470,5,5
4158,ﾏｲｼﾞｬｸﾞﾗｰIII,1191,6741,28,19
4159,ﾏｲｼﾞｬｸﾞﾗｰIII,316,2803,12,6
4160,ﾏｲｼﾞｬｸﾞﾗｰIII,754,8474,33,25
4161,ﾏｲｼﾞｬｸﾞﾗｰII 2013年,1308,5677,24,14
4162,ﾏｲｼﾞｬｸﾞﾗｰII 2013年,-282,2068,8,2
4163,ﾏｲｼﾞｬｸﾞﾗｰII 2013年,-1711,4141,10,10
4164,ﾏｲｼﾞｬｸﾞﾗｰII 2013年,-1007,2269,6,4
4165,ﾏｲｼﾞｬｸﾞﾗｰII 2013年,2283,4844,25,12
4166,ﾏｲｼﾞｬｸﾞﾗｰII 2013年,-525,2505,8,5
4167,ﾏｲｼﾞｬｸﾞﾗｰII 2013年,77,8790,30,30
4168,ﾏｲｼﾞｬｸﾞﾗｰII 2013年,122,5751,19,22
4169,ﾌｧﾝｷｰｼﾞｬｸﾞﾗｰ,761,5265,25,5
4170,ﾌｧﾝｷｰｼﾞｬｸﾞﾗｰ,68,1829,7,3
4171,ﾌｧﾝｷｰｼﾞｬｸﾞﾗｰ,2202,4358,22,15
4172,ﾌｧﾝｷｰｼﾞｬｸﾞﾗｰ,-436,2802,10,4
4173,ﾌｧﾝｷｰｼﾞｬｸﾞﾗｰ,-547,5596,18,15
4174,ﾌｧﾝｷｰｼﾞｬｸﾞﾗｰ,-1300,1778,4,1
4175,ﾌｧﾝｷｰｼﾞｬｸﾞﾗｰ,-1020,5630,20,7
4176,ｱｲﾑｼﾞｬｸﾞﾗｰEX-AE,2810,5010,24,20
4177,ｱｲﾑｼﾞｬｸﾞﾗｰEX-AE,-97,1947,5,11
4178,ｱｲﾑｼﾞｬｸﾞﾗｰEX-AE,-699,4754,15,11
4179,ｱｲﾑｼﾞｬｸﾞﾗｰEX-AE,-495,5305,18,16
4180,ｱｲﾑｼﾞｬｸﾞﾗｰEX-AE,-754,1704,5,1
4181,ｱｲﾑｼﾞｬｸﾞﾗｰEX-AE,-1568,1865,3,1
4182,ｱｲﾑｼﾞｬｸﾞﾗｰEX-AE,-1167,1931,3,5
4183,ｱｲﾑｼﾞｬｸﾞﾗｰEX-AE,-1942,4141,10,8
4184,ｱｲﾑｼﾞｬｸﾞﾗｰEX-AE,-1178,2515,6,6
4185,ｼﾞｬｸﾞﾗｰｶﾞｰﾙｽﾞ,-186,2746,11,3
4186,ｼﾞｬｸﾞﾗｰｶﾞｰﾙｽﾞ,-117,2673,10,6
4187,ｼﾞｬｸﾞﾗｰｶﾞｰﾙｽﾞ,3006,7880,37,22
4188,ｼﾞｬｸﾞﾗｰｶﾞｰﾙｽﾞ,-258,2068,8,2
4189,ｼﾞｬｸﾞﾗｰｶﾞｰﾙｽﾞ,148,4828,19,14
4190,ｼﾞｬｸﾞﾗｰｶﾞｰﾙｽﾞ,-451,1688,5,4
4191,ｼﾞｬｸﾞﾗｰｶﾞｰﾙｽﾞ,-985,2911,7,10
4192,ｼﾞｬｸﾞﾗｰｶﾞｰﾙｽﾞ,-241,1573,5,3
4193,ｱｲﾑｼﾞｬｸﾞﾗｰEX-AE,-338,1383,5,1
4194,ｱｲﾑｼﾞｬｸﾞﾗｰEX-AE,-685,4233,13,12
4195,ｱｲﾑｼﾞｬｸﾞﾗｰEX-AE,1471,5733,24,20
4196,ｱｲﾑｼﾞｬｸﾞﾗｰEX-AE,1081,6435,25,26
4197,ｱｲﾑｼﾞｬｸﾞﾗｰEX-AE,181,2671,11,4
4198,ｱｲﾑｼﾞｬｸﾞﾗｰEX-AE,-607,2212,6,5
4199,ｱｲﾑｼﾞｬｸﾞﾗｰEX-AE,1823,6651,27,28
4200,ｱｲﾑｼﾞｬｸﾞﾗｰEX-AE,-2143,4514,12,6
4201,GOGOｼﾞｬｸﾞﾗｰ,-1963,6578,18,21
4202,GOGOｼﾞｬｸﾞﾗｰ,-773,1856,4,7
4203,GOGOｼﾞｬｸﾞﾗｰ,-574,4859,16,16
4204,GOGOｼﾞｬｸﾞﾗｰ,-1598,1583,2,3
4205,GOGOｼﾞｬｸﾞﾗｰ,-518,1888,4,10
4206,GOGOｼﾞｬｸﾞﾗｰ,912,4854,22,11
4207,GOGOｼﾞｬｸﾞﾗｰ,805,2438,13,4
4208,GOGOｼﾞｬｸﾞﾗｰ,-577,2927,8,12
4209,GOGOｼﾞｬｸﾞﾗｰ,-746,1571,4,2
4210,GOGOｼﾞｬｸﾞﾗｰ,499,5101,20,17
4211,GOGOｼﾞｬｸﾞﾗｰ,565,5252,21,17
4212,GOGOｼﾞｬｸﾞﾗｰ,540,7476,30,29
4213,GOGOｼﾞｬｸﾞﾗｰ,-959,5012,15,15
4214,GOGOｼﾞｬｸﾞﾗｰ,-566,1468,5,-
4215,GOGOｼﾞｬｸﾞﾗｰ,621,3608,15,14
4216,GOGOｼﾞｬｸﾞﾗｰ,857,6215,23,21
4217,GOGOｼﾞｬｸﾞﾗｰ,-285,4095,14,13
4218,GOGOｼﾞｬｸﾞﾗｰ,-497,2729,9,9
4219,GOGOｼﾞｬｸﾞﾗｰ,-39,2673,11,4
4220,GOGOｼﾞｬｸﾞﾗｰ,8,4799,17,18
4221,GOGOｼﾞｬｸﾞﾗｰ,-806,2091,7,2
4222,GOGOｼﾞｬｸﾞﾗｰ,-1365,2977,8,7
4223,GOGOｼﾞｬｸﾞﾗｰ,-2040,6313,19,15
4224,沖ﾄﾞｷ!,-1752,2789,18,3
4225,沖ﾄﾞｷ!,-2249,3303,16,10
4226,沖ﾄﾞｷ!,-729,1873,11,6
4227,沖ﾄﾞｷ!,-2612,2836,11,7
4228,沖ﾄﾞｷ!,-3214,2668,8,5
4229,沖ﾄﾞｷ!,222,1223,9,6
4230,沖ﾄﾞｷ!,834,2593,24,8
4231,沖ﾄﾞｷ!,-753,586,2,1
4232,沖ﾄﾞｷ!,170,2226,16,11
4233,沖ﾄﾞｷ!,-288,3677,27,11
4234,沖ﾄﾞｷ!,-771,936,4,2
4235,沖ﾄﾞｷ!,-2769,3807,17,11
4236,沖ﾄﾞｷ!,2153,2824,29,13
4237,沖ﾄﾞｷ!,-950,739,3,-
4238,沖ﾄﾞｷ!,-2385,2770,14,4
4239,沖ﾄﾞｷ!,-1105,2403,13,8
4240,沖ﾄﾞｷ!,-700,2369,16,6
4241,沖ﾄﾞｷ!,2527,3260,33,18
4242,沖ﾄﾞｷ!,1150,2196,19,11
4243,沖ﾄﾞｷ!,-3039,4267,21,10
4244,沖ﾄﾞｷ!,-1074,1005,5,-
4245,沖ﾄﾞｷ!,3290,2449,32,14
4246,沖ﾄﾞｷ!,2275,3305,32,16
4247,沖ﾄﾞｷ!,-1067,1173,6,1
4248,沖ﾄﾞｷ!,-2553,1437,1,2
4249,沖ﾄﾞｷ!,6226,3810,54,19
4250,沖ﾄﾞｷ!,4207,2365,38,8
4251,沖ﾄﾞｷ!,-254,2406,17,9
4252,ﾊｯﾋﾟｰｼﾞｬｸﾞﾗｰVII,1562,6299,27,18
4253,ﾊｯﾋﾟｰｼﾞｬｸﾞﾗｰVII,-1642,2247,2,9
4254,ﾊｯﾋﾟｰｼﾞｬｸﾞﾗｰVII,-350,914,3,-
4255,ﾊｯﾋﾟｰｼﾞｬｸﾞﾗｰVII,66,3364,12,11
4256,ﾊｯﾋﾟｰｼﾞｬｸﾞﾗｰVII,1490,2703,16,4
4257,ﾊｯﾋﾟｰｼﾞｬｸﾞﾗｰVII,113,4634,18,12
4258,ｱｲﾑｼﾞｬｸﾞﾗｰEX-ｱﾆﾊﾞｰｻﾘｰED,518,4195,17,10
4259,ｱｲﾑｼﾞｬｸﾞﾗｰEX-ｱﾆﾊﾞｰｻﾘｰED,-348,1071,3,3
4260,ｱｲﾑｼﾞｬｸﾞﾗｰEX-ｱﾆﾊﾞｰｻﾘｰED,1190,5001,21,17
4261,ｱｲﾑｼﾞｬｸﾞﾗｰEX-ｱﾆﾊﾞｰｻﾘｰED,383,3532,11,17
4262,ｱｲﾑｼﾞｬｸﾞﾗｰEX-ｱﾆﾊﾞｰｻﾘｰED,-1705,4735,11,15
4263,ｽｰﾊﾟｰﾐﾗｸﾙｼﾞｬｸﾞﾗｰ,-1524,1715,3,1
4264,ｽｰﾊﾟｰﾐﾗｸﾙｼﾞｬｸﾞﾗｰ,754,5426,23,12
4265,ｽｰﾊﾟｰﾐﾗｸﾙｼﾞｬｸﾞﾗｰ,-114,3007,10,8
4266,ｽｰﾊﾟｰﾐﾗｸﾙｼﾞｬｸﾞﾗｰ,-2025,2695,5,3
total,-,-44137,867206,-,-
