No,lotName,Payout,Rotation,Big,Reg
4001,ｱﾅｻﾞｰｺﾞｯﾄﾞﾊｰﾃﾞｽ-奪われた,-2477,2149,5,-
4002,ｱﾅｻﾞｰｺﾞｯﾄﾞﾊｰﾃﾞｽ-奪われた,2836,860,11,-
4003,ｱﾅｻﾞｰｺﾞｯﾄﾞﾊｰﾃﾞｽ-奪われた,-66,2660,7,-
4004,ｱﾅｻﾞｰｺﾞｯﾄﾞﾊｰﾃﾞｽ-奪われた,-863,612,1,-
4005,ｱﾅｻﾞｰｺﾞｯﾄﾞﾊｰﾃﾞｽ-奪われた,-910,1598,5,-
4006,ｱﾅｻﾞｰｺﾞｯﾄﾞﾊｰﾃﾞｽ-奪われた,7664,912,17,-
4007,ﾐﾘｵﾝｺﾞｯﾄﾞ~神々の凱旋~,-1461,1099,2,-
4008,ﾐﾘｵﾝｺﾞｯﾄﾞ~神々の凱旋~,3635,1102,19,-
4009,ﾐﾘｵﾝｺﾞｯﾄﾞ~神々の凱旋~,-356,452,2,-
4010,ﾐﾘｵﾝｺﾞｯﾄﾞ~神々の凱旋~,-2390,1920,5,-
4011,ﾐﾘｵﾝｺﾞｯﾄﾞ~神々の凱旋~,-2856,4297,19,-
4012,ﾐﾘｵﾝｺﾞｯﾄﾞ~神々の凱旋~,-2806,2448,7,-
4013,ﾐﾘｵﾝｺﾞｯﾄﾞ~神々の凱旋~,-206,97,-,-
4014,ﾐﾘｵﾝｺﾞｯﾄﾞ~神々の凱旋~,2976,1178,18,-
4015,ﾐﾘｵﾝｺﾞｯﾄﾞ~神々の凱旋~,-864,563,1,-
4016,ﾐﾘｵﾝｺﾞｯﾄﾞ~神々の凱旋~,-1019,1636,8,-
4017,ﾐﾘｵﾝｺﾞｯﾄﾞ~神々の凱旋~,-1782,1762,5,-
4018,ﾐﾘｵﾝｺﾞｯﾄﾞ~神々の凱旋~,668,640,8,-
4019,魔法少女まどか☆ﾏｷﾞｶ,-827,677,1,1
4020,魔法少女まどか☆ﾏｷﾞｶ,3412,5595,18,11
4021,魔法少女まどか☆ﾏｷﾞｶ,-659,1722,6,3
4022,魔法少女まどか☆ﾏｷﾞｶ,-1269,864,1,-
4023,魔法少女まどか☆ﾏｷﾞｶ,3125,2400,7,3
4024,魔法少女まどか☆ﾏｷﾞｶ,514,3844,6,7
4025,魔法少女まどか☆ﾏｷﾞｶ,-469,436,1,1
4026,魔法少女まどか☆ﾏｷﾞｶ,-516,1282,1,3
4027,魔法少女まどか☆ﾏｷﾞｶ,-591,1160,3,4
4028,魔法少女まどか☆ﾏｷﾞｶ,-680,3003,9,7
4029,魔法少女まどか☆ﾏｷﾞｶ,2727,4175,16,9
4030,魔法少女まどか☆ﾏｷﾞｶ,-1220,2546,4,6
4031,SLOT魔法少女まどかﾏｷﾞｶ2,352,642,2,2
4032,SLOT魔法少女まどかﾏｷﾞｶ2,-13,1583,5,5
4033,SLOT魔法少女まどかﾏｷﾞｶ2,-483,473,2,-
4034,SLOT魔法少女まどかﾏｷﾞｶ2,-352,677,1,2
4035,SLOT魔法少女まどかﾏｷﾞｶ2,-15,839,1,2
4036,SLOT魔法少女まどかﾏｷﾞｶ2,1041,5700,22,19
4037,ﾘﾉ,8,1292,9,3
4038,ﾘﾉ,2280,1032,16,7
4039,ﾊﾟﾁｽﾛ北斗　転生の章,-654,5073,59,15
4040,ﾊﾟﾁｽﾛ北斗　転生の章,-114,585,7,2
4041,ﾊﾟﾁｽﾛ北斗　転生の章,-2504,3216,21,5
4042,ﾊﾟﾁｽﾛ北斗　転生の章,-976,1881,18,5
4043,ﾊﾞｼﾞﾘｽｸ 甲賀忍法帖 絆,-117,7946,63,30
4044,ﾊﾞｼﾞﾘｽｸ 甲賀忍法帖 絆,-1001,1669,11,3
4045,ﾊﾞｼﾞﾘｽｸ 甲賀忍法帖 絆,-1519,6088,43,25
4046,ﾊﾞｼﾞﾘｽｸ 甲賀忍法帖 絆,1406,5224,41,26
4047,ﾊﾞｼﾞﾘｽｸ 甲賀忍法帖 絆,-771,1084,6,4
4048,ﾊﾞｼﾞﾘｽｸ 甲賀忍法帖 絆,7,6280,46,30
4049,ﾊﾞｼﾞﾘｽｸ 甲賀忍法帖 絆,-29,1902,13,8
4050,ﾊﾞｼﾞﾘｽｸ 甲賀忍法帖 絆,-1485,2413,15,7
4051,ﾊﾞｼﾞﾘｽｸ 甲賀忍法帖 絆,3180,7409,60,39
4052,ﾊﾞｼﾞﾘｽｸ 甲賀忍法帖 絆,281,3688,26,17
4053,ﾊﾞｼﾞﾘｽｸ 甲賀忍法帖 絆,-2966,5025,36,16
4054,押忍!番長3,1003,5061,66,4
4055,押忍!番長3,314,357,7,1
4056,押忍!番長3,-1802,1878,4,-
4057,押忍!番長3,-2394,4339,28,1
4058,押忍!番長3,621,1461,20,3
4059,押忍!番長3,-108,735,8,-
4060,押忍!番長3,-90,1764,17,3
4061,押忍!番長3,47,2457,27,3
4062,押忍!番長3,-1311,1497,4,-
4063,押忍!番長3,-787,1289,5,-
4064,ﾊﾟﾁｽﾛ 笑ｩせぇるすまん3,-695,1234,6,3
4065,ﾊﾟﾁｽﾛ 笑ｩせぇるすまん3,-547,518,1,1
4066,ﾊﾟﾁｽﾛ 笑ｩせぇるすまん3,46,796,11,1
4067,ｺｰﾄﾞｷﾞｱｽR2反逆のﾙﾙｰｼｭ,-140,112,-,-
4068,ｺｰﾄﾞｷﾞｱｽR2反逆のﾙﾙｰｼｭ,-42,722,4,4
4069,ｺｰﾄﾞｷﾞｱｽR2反逆のﾙﾙｰｼｭ,-878,637,2,-
4070,ｺｰﾄﾞｷﾞｱｽR2反逆のﾙﾙｰｼｭ,-1749,1278,1,1
4071,GI優駿倶楽部,-804,1316,7,-
4072,GI優駿倶楽部,27,1216,9,-
4073,GI優駿倶楽部,66,1813,14,-
4074,GI優駿倶楽部,-567,817,2,-
4075,地獄少女 宵伽,1102,1528,4,-
4076,地獄少女 宵伽,61,331,2,-
4077,地獄少女 宵伽,-657,609,2,-
4078,地獄少女 宵伽,-141,115,-,-
4079,ﾊﾟﾁｽﾛ 聖闘士星矢海皇覚醒,610,1913,23,2
4080,ﾊﾟﾁｽﾛ 聖闘士星矢海皇覚醒,-10,8,-,-
4081,ﾊﾟﾁｽﾛ 聖闘士星矢海皇覚醒,-64,38,-,-
4082,ﾊﾟﾁｽﾛ 聖闘士星矢海皇覚醒,-4106,4882,15,1
4083,ﾊﾟﾁｽﾛﾓﾝｽﾀｰﾊﾝﾀｰ月下雷鳴,801,1224,19,-
4084,ﾊﾟﾁｽﾛﾓﾝｽﾀｰﾊﾝﾀｰ月下雷鳴,-1011,950,3,-
4085,ﾊﾟﾁｽﾛﾓﾝｽﾀｰﾊﾝﾀｰ月下雷鳴,-873,2530,22,-
4086,ﾊﾟﾁｽﾛﾓﾝｽﾀｰﾊﾝﾀｰ月下雷鳴,-3947,3899,19,-
4087,ﾆｭｰﾊﾟﾙｻｰSPII,-754,1840,5,4
4088,ﾆｭｰﾊﾟﾙｻｰSPII,22,236,1,-
4089,ﾆｭｰﾊﾟﾙｻｰSPII,-523,2174,6,5
4090,ﾆｭｰﾊﾟﾙｻｰSPII,-822,982,2,-
4091,ﾊﾞｰｻｽ,-260,660,2,-
4092,ﾊﾞｰｻｽ,811,2772,11,7
4093,ﾊﾞｰｻｽ,-255,476,1,1
4094,ﾊﾞｰｻｽ,413,5090,18,12
4095,ﾊﾟﾁｽﾛ ｺｰﾄﾞｷﾞｱｽR2C.C.,-607,493,-,1
4096,ﾊﾟﾁｽﾛ ｺｰﾄﾞｷﾞｱｽR2C.C.,-3,1,-,-
4097,ﾊﾟﾁｽﾛ ｺｰﾄﾞｷﾞｱｽR2C.C.,891,952,6,2
4098,ﾊﾟﾁｽﾛ ｺｰﾄﾞｷﾞｱｽR2C.C.,-279,383,-,2
4099,ﾊﾟﾁｽﾛｴｳﾚｶｾﾌﾞﾝAO,-111,56,-,-
4100,ﾊﾟﾁｽﾛｴｳﾚｶｾﾌﾞﾝAO,-114,85,-,-
4101,ﾊﾟﾁｽﾛｴｳﾚｶｾﾌﾞﾝAO,272,595,4,4
4102,ﾊﾟﾁｽﾛｴｳﾚｶｾﾌﾞﾝAO,-264,121,-,-
4103,ｸﾚｱの秘宝伝 眠りの塔,-718,1946,4,7
4104,ｸﾚｱの秘宝伝 眠りの塔,-82,817,3,1
4105,ｸﾚｱの秘宝伝 眠りの塔,295,3147,11,8
4106,押忍!番長A,1169,2648,15,2
4107,押忍!番長A,-957,1146,2,2
4108,押忍!番長A,-508,4677,15,17
4109,SLOT魔法少女まどかﾏｷﾞｶA,-187,429,1,1
4110,SLOT魔法少女まどかﾏｷﾞｶA,473,359,3,1
4111,SLOT魔法少女まどかﾏｷﾞｶA,-184,128,-,-
4112,ﾊﾅﾋﾞ,2062,7369,28,22
4113,ﾊﾅﾋﾞ,2395,3580,18,7
4114,ﾊﾅﾋﾞ,-364,1014,1,6
4115,ﾊﾅﾋﾞ,-10,2996,9,5
4116,ﾊﾅﾋﾞ,709,5546,18,21
4117,ﾊﾅﾋﾞ,256,3048,11,8
4118,ｴｳﾞｧﾝｹﾞﾘｵﾝ･ﾏｺﾞｺﾛを君に2,-665,708,-,1
4119,ﾊﾟﾁｽﾛ 貞子vs伽椰子,936,3439,15,5
4120,ﾊﾟﾁｽﾛ BLOOD+ 二人の女王,-732,704,-,1
4121,ﾊﾟﾁｽﾛ 織田信奈の野望,-861,704,2,1
4122,ﾊﾟﾁｽﾛ 討鬼伝,-1165,1408,4,3
4123,ﾊﾟﾁｽﾛ ﾘﾝｸﾞ 終焉ﾉ刻,-72,270,-,1
4124,盗忍!剛衛門,0,-,-,-
4125,戦国乙女2,5,535,4,2
4126,ﾊﾟﾁｽﾛ 呪怨,-661,2590,16,7
4127,ｱｶｷﾞ 闇に降り立った天才,566,1592,4,16
4128,悪魔城ﾄﾞﾗｷｭﾗ LoS,929,1206,7,15
4129,燃えよ!功夫淑女ﾄﾞﾗｺﾞﾝ,984,1037,4,7
4130,回胴性ﾐﾘｵﾝｱｰｻｰ,2769,4421,12,14
4131,盗忍!剛衛門,0,-,-,-
4132,ﾊﾟﾁｽﾛ ｺﾞﾙｺﾞ13,0,-,-,-
4133,ﾊﾟﾁｽﾛ化物語,332,1657,22,7
4134,ﾊﾟﾁｽﾛ ｶﾞｰﾙﾌﾚﾝﾄﾞ(仮),-139,95,-,-
4135,防空少女ﾗﾌﾞｷｭｰﾚ,1738,3139,24,20
4136,ﾊﾟﾁｽﾛ 北斗修羅の国篇,-605,868,1,3
4137,政宗2,-1571,1652,-,2
4138,ぱちｽﾛ ｳﾙﾄﾗｾﾌﾞﾝ,-663,930,3,2
4139,SLOTﾃﾞﾋﾞﾙﾏﾝχ,-75,1862,5,12
4140,ﾊﾟﾁｽﾛ 閃乱ｶｸﾞﾗ,-692,492,-,1
4141,忍魂 ~暁ﾉ章~,-906,694,1,-
4142,十字架3,385,1616,22,-
4143,ﾊﾟﾁｽﾛ AKB48 勝利の女神,0,-,-,-
4144,ﾊﾟﾁｽﾛ AKB48ﾊﾞﾗの儀式,-444,354,1,2
4145,ﾌﾞﾗｯｸﾗｸﾞｰﾝ3,-348,906,2,2
4146,ﾊﾟﾁｽﾛ 亜人,-1209,2212,9,6
4147,花の慶次~天を穿つ戦槍~,-587,750,4,3
4148,ﾏｼﾞｶﾙﾊﾛｳｨﾝ5,-383,3148,20,33
4149,ﾏｲｼﾞｬｸﾞﾗｰIII,-960,2863,8,5
4150,ﾏｲｼﾞｬｸﾞﾗｰIII,-518,2056,6,6
4151,ﾏｲｼﾞｬｸﾞﾗｰIII,177,4232,15,14
4152,ﾏｲｼﾞｬｸﾞﾗｰIII,-517,1315,3,4
4153,ﾏｲｼﾞｬｸﾞﾗｰIII,1280,5708,26,14
4154,ﾏｲｼﾞｬｸﾞﾗｰIII,1089,2105,10,10
4155,ﾏｲｼﾞｬｸﾞﾗｰIII,354,2113,10,1
4156,ﾏｲｼﾞｬｸﾞﾗｰIII,2605,4108,22,12
4157,ﾏｲｼﾞｬｸﾞﾗｰIII,-740,2742,9,7
4158,ﾏｲｼﾞｬｸﾞﾗｰIII,-1694,2177,2,7
4159,ﾏｲｼﾞｬｸﾞﾗｰIII,2288,5995,27,20
4160,ﾏｲｼﾞｬｸﾞﾗｰIII,784,2871,15,3
4161,ﾏｲｼﾞｬｸﾞﾗｰII 2013年,319,1470,8,1
4162,ﾏｲｼﾞｬｸﾞﾗｰII 2013年,914,3723,18,5
4163,ﾏｲｼﾞｬｸﾞﾗｰII 2013年,-518,6809,22,20
4164,ﾏｲｼﾞｬｸﾞﾗｰII 2013年,-1171,2079,5,3
4165,ﾏｲｼﾞｬｸﾞﾗｰII 2013年,-789,1951,5,5
4166,ﾏｲｼﾞｬｸﾞﾗｰII 2013年,-216,2253,9,3
4167,ﾏｲｼﾞｬｸﾞﾗｰII 2013年,133,2200,9,5
4168,ﾏｲｼﾞｬｸﾞﾗｰII 2013年,-966,3132,9,7
4169,ﾌｧﾝｷｰｼﾞｬｸﾞﾗｰ,4763,6191,36,17
4170,ﾌｧﾝｷｰｼﾞｬｸﾞﾗｰ,1582,5687,26,15
4171,ﾌｧﾝｷｰｼﾞｬｸﾞﾗｰ,1199,2606,12,10
4172,ﾌｧﾝｷｰｼﾞｬｸﾞﾗｰ,-653,7160,24,20
4173,ﾌｧﾝｷｰｼﾞｬｸﾞﾗｰ,-1153,1366,1,3
4174,ﾌｧﾝｷｰｼﾞｬｸﾞﾗｰ,166,1421,7,1
4175,ﾌｧﾝｷｰｼﾞｬｸﾞﾗｰ,-836,2586,8,4
4176,ｱｲﾑｼﾞｬｸﾞﾗｰEX-AE,1302,6020,25,18
4177,ｱｲﾑｼﾞｬｸﾞﾗｰEX-AE,-1199,2450,5,5
4178,ｱｲﾑｼﾞｬｸﾞﾗｰEX-AE,2333,4460,23,13
4179,ｱｲﾑｼﾞｬｸﾞﾗｰEX-AE,-588,1247,4,-
4180,ｱｲﾑｼﾞｬｸﾞﾗｰEX-AE,-46,2297,10,1
4181,ｱｲﾑｼﾞｬｸﾞﾗｰEX-AE,-531,3494,9,15
4182,ｱｲﾑｼﾞｬｸﾞﾗｰEX-AE,-1436,1688,2,5
4183,ｱｲﾑｼﾞｬｸﾞﾗｰEX-AE,-122,669,2,-
4184,ｱｲﾑｼﾞｬｸﾞﾗｰEX-AE,3599,6184,33,18
4185,ｱｲﾑｼﾞｬｸﾞﾗｰEX-ｱﾆﾊﾞｰｻﾘｰED,-53,711,3,-
4186,ｱｲﾑｼﾞｬｸﾞﾗｰEX-ｱﾆﾊﾞｰｻﾘｰED,1286,2455,14,4
4187,ｱｲﾑｼﾞｬｸﾞﾗｰEX-ｱﾆﾊﾞｰｻﾘｰED,-209,1159,4,2
4188,ｱｲﾑｼﾞｬｸﾞﾗｰEX-ｱﾆﾊﾞｰｻﾘｰED,112,3308,13,6
4189,ｱｲﾑｼﾞｬｸﾞﾗｰEX-ｱﾆﾊﾞｰｻﾘｰED,-954,1511,2,5
4190,ｱｲﾑｼﾞｬｸﾞﾗｰEX-ｱﾆﾊﾞｰｻﾘｰED,-822,2270,5,9
4191,ｱｲﾑｼﾞｬｸﾞﾗｰEX-ｱﾆﾊﾞｰｻﾘｰED,-384,716,1,3
4192,ｱｲﾑｼﾞｬｸﾞﾗｰEX-ｱﾆﾊﾞｰｻﾘｰED,-603,638,1,-
4193,ｱｲﾑｼﾞｬｸﾞﾗｰEX-AE,-232,830,3,-
4194,ｱｲﾑｼﾞｬｸﾞﾗｰEX-AE,975,5082,22,12
4195,ｱｲﾑｼﾞｬｸﾞﾗｰEX-AE,-378,2566,9,5
4196,ｱｲﾑｼﾞｬｸﾞﾗｰEX-AE,-476,1187,3,3
4197,ｱｲﾑｼﾞｬｸﾞﾗｰEX-AE,-588,459,-,1
4198,ｱｲﾑｼﾞｬｸﾞﾗｰEX-AE,-827,819,-,4
4199,ｱｲﾑｼﾞｬｸﾞﾗｰEX-AE,2319,5209,25,16
4200,ｱｲﾑｼﾞｬｸﾞﾗｰEX-AE,-882,1013,1,3
4201,GOGOｼﾞｬｸﾞﾗｰ,-433,5569,17,24
4202,GOGOｼﾞｬｸﾞﾗｰ,-233,550,2,-
4203,GOGOｼﾞｬｸﾞﾗｰ,-656,562,-,3
4204,GOGOｼﾞｬｸﾞﾗｰ,1068,4819,22,16
4205,GOGOｼﾞｬｸﾞﾗｰ,-286,188,-,-
4206,GOGOｼﾞｬｸﾞﾗｰ,351,4739,17,17
4207,GOGOｼﾞｬｸﾞﾗｰ,-2183,2224,1,7
4208,GOGOｼﾞｬｸﾞﾗｰ,-302,3612,13,10
4209,GOGOｼﾞｬｸﾞﾗｰ,2915,4072,23,17
4210,GOGOｼﾞｬｸﾞﾗｰ,-393,255,-,-
4211,GOGOｼﾞｬｸﾞﾗｰ,679,4073,19,7
4212,GOGOｼﾞｬｸﾞﾗｰ,28,3965,15,10
4213,GOGOｼﾞｬｸﾞﾗｰ,-517,870,2,2
4214,GOGOｼﾞｬｸﾞﾗｰ,1695,4677,22,15
4215,GOGOｼﾞｬｸﾞﾗｰ,-204,1887,8,2
4216,GOGOｼﾞｬｸﾞﾗｰ,-681,3202,10,8
4217,GOGOｼﾞｬｸﾞﾗｰ,-410,549,1,1
4218,GOGOｼﾞｬｸﾞﾗｰ,1388,4715,21,16
4219,GOGOｼﾞｬｸﾞﾗｰ,-320,277,-,1
4220,GOGOｼﾞｬｸﾞﾗｰ,231,8509,32,26
4221,GOGOｼﾞｬｸﾞﾗｰ,-371,456,1,1
4222,GOGOｼﾞｬｸﾞﾗｰ,-900,1129,-,5
4223,GOGOｼﾞｬｸﾞﾗｰ,-1417,1767,2,5
4224,沖ﾄﾞｷ!,1640,4136,41,13
4225,沖ﾄﾞｷ!,-964,541,1,-
4226,沖ﾄﾞｷ!,-1130,1074,4,2
4227,沖ﾄﾞｷ!,-4704,3268,6,7
4228,沖ﾄﾞｷ!,-3455,2871,10,4
4229,沖ﾄﾞｷ!,-1017,480,-,-
4230,沖ﾄﾞｷ!,-271,845,6,2
4231,沖ﾄﾞｷ!,-796,1728,9,7
4232,沖ﾄﾞｷ!,3261,727,19,5
4233,沖ﾄﾞｷ!,657,458,7,1
4234,沖ﾄﾞｷ!,-903,2279,14,6
4235,沖ﾄﾞｷ!,-2631,4120,23,9
4236,沖ﾄﾞｷ!,-464,1316,9,3
4237,沖ﾄﾞｷ!,-1206,1622,9,3
4238,沖ﾄﾞｷ!,-737,352,-,-
4239,沖ﾄﾞｷ!,2112,1274,19,6
4240,沖ﾄﾞｷ!,598,1365,14,3
4241,沖ﾄﾞｷ!,-655,1304,9,2
4242,沖ﾄﾞｷ!,-1131,1143,3,4
4243,沖ﾄﾞｷ!,-2264,1165,1,-
4244,沖ﾄﾞｷ!,-2813,3153,12,10
4245,沖ﾄﾞｷ!,-846,2095,14,4
4246,沖ﾄﾞｷ!,-1908,960,-,1
4247,沖ﾄﾞｷ!,-771,350,-,-
4248,沖ﾄﾞｷ!,1610,3481,36,9
4249,沖ﾄﾞｷ!,-26,472,3,2
4250,沖ﾄﾞｷ!,1231,1827,18,8
4251,沖ﾄﾞｷ!,-804,2732,19,7
4252,ﾊｯﾋﾟｰｼﾞｬｸﾞﾗｰVII,-56,1699,7,2
4253,ﾊｯﾋﾟｰｼﾞｬｸﾞﾗｰVII,750,4087,17,14
4254,ﾊｯﾋﾟｰｼﾞｬｸﾞﾗｰVII,-224,475,1,1
4255,ﾊｯﾋﾟｰｼﾞｬｸﾞﾗｰVII,-1051,2906,8,6
4256,ﾊｯﾋﾟｰｼﾞｬｸﾞﾗｰVII,-857,2086,5,5
4257,ﾊｯﾋﾟｰｼﾞｬｸﾞﾗｰVII,-194,1273,5,1
4258,ｼﾞｬｸﾞﾗｰｶﾞｰﾙｽﾞ,73,1358,6,1
4259,ｼﾞｬｸﾞﾗｰｶﾞｰﾙｽﾞ,1276,3238,15,10
4260,ｼﾞｬｸﾞﾗｰｶﾞｰﾙｽﾞ,1931,2552,18,6
4261,ｼﾞｬｸﾞﾗｰｶﾞｰﾙｽﾞ,-871,1482,2,4
4262,ｼﾞｬｸﾞﾗｰｶﾞｰﾙｽﾞ,1818,2917,17,6
4263,ｽｰﾊﾟｰﾐﾗｸﾙｼﾞｬｸﾞﾗｰ,324,2381,8,9
4264,ｽｰﾊﾟｰﾐﾗｸﾙｼﾞｬｸﾞﾗｰ,481,3400,15,6
4265,ｽｰﾊﾟｰﾐﾗｸﾙｼﾞｬｸﾞﾗｰ,-1167,1899,3,5
4266,ｽｰﾊﾟｰﾐﾗｸﾙｼﾞｬｸﾞﾗｰ,5749,4251,33,14
total,-,-22405,562658,-,-
