No,lotName,Payout,Rotation,Big,Reg
4001,ｱﾅｻﾞｰｺﾞｯﾄﾞﾊｰﾃﾞｽ-奪われた,3059,3517,21,-
4002,ｱﾅｻﾞｰｺﾞｯﾄﾞﾊｰﾃﾞｽ-奪われた,-435,4656,11,-
4003,ｱﾅｻﾞｰｺﾞｯﾄﾞﾊｰﾃﾞｽ-奪われた,-3406,4743,12,-
4004,ｱﾅｻﾞｰｺﾞｯﾄﾞﾊｰﾃﾞｽ-奪われた,-3381,4535,9,-
4005,ｱﾅｻﾞｰｺﾞｯﾄﾞﾊｰﾃﾞｽ-奪われた,-5657,4432,7,-
4006,ｱﾅｻﾞｰｺﾞｯﾄﾞﾊｰﾃﾞｽ-奪われた,-223,5173,24,-
4007,ﾐﾘｵﾝｺﾞｯﾄﾞ~神々の凱旋~,4942,2826,34,1
4008,ﾐﾘｵﾝｺﾞｯﾄﾞ~神々の凱旋~,-728,2492,14,1
4009,ﾐﾘｵﾝｺﾞｯﾄﾞ~神々の凱旋~,-500,2323,15,1
4010,ﾐﾘｵﾝｺﾞｯﾄﾞ~神々の凱旋~,8720,2564,45,2
4011,ﾐﾘｵﾝｺﾞｯﾄﾞ~神々の凱旋~,-721,2353,14,1
4012,ﾐﾘｵﾝｺﾞｯﾄﾞ~神々の凱旋~,11605,970,45,2
4013,ﾐﾘｵﾝｺﾞｯﾄﾞ~神々の凱旋~,-2555,2505,9,-
4014,ﾐﾘｵﾝｺﾞｯﾄﾞ~神々の凱旋~,-305,2872,18,-
4015,ﾐﾘｵﾝｺﾞｯﾄﾞ~神々の凱旋~,-3499,4695,20,1
4016,ﾐﾘｵﾝｺﾞｯﾄﾞ~神々の凱旋~,-2706,3415,13,-
4017,ﾐﾘｵﾝｺﾞｯﾄﾞ~神々の凱旋~,-4883,4193,13,-
4018,ﾐﾘｵﾝｺﾞｯﾄﾞ~神々の凱旋~,-3171,3527,12,-
4019,魔法少女まどか☆ﾏｷﾞｶ,1211,5018,9,7
4020,魔法少女まどか☆ﾏｷﾞｶ,-1893,4875,16,8
4021,魔法少女まどか☆ﾏｷﾞｶ,-2067,2867,4,4
4022,魔法少女まどか☆ﾏｷﾞｶ,896,5046,12,6
4023,魔法少女まどか☆ﾏｷﾞｶ,48,5162,16,10
4024,魔法少女まどか☆ﾏｷﾞｶ,-1819,5197,10,9
4025,魔法少女まどか☆ﾏｷﾞｶ,-1190,1946,4,3
4026,魔法少女まどか☆ﾏｷﾞｶ,-2875,3436,8,3
4027,魔法少女まどか☆ﾏｷﾞｶ,-961,4199,9,4
4028,魔法少女まどか☆ﾏｷﾞｶ,-51,3712,6,5
4029,魔法少女まどか☆ﾏｷﾞｶ,-2524,3350,3,8
4030,魔法少女まどか☆ﾏｷﾞｶ,-2384,4217,13,4
4031,SLOT魔法少女まどかﾏｷﾞｶ2,-1003,3510,10,10
4032,SLOT魔法少女まどかﾏｷﾞｶ2,-531,2568,12,5
4033,SLOT魔法少女まどかﾏｷﾞｶ2,2798,5571,22,16
4034,SLOT魔法少女まどかﾏｷﾞｶ2,-499,576,2,-
4035,SLOT魔法少女まどかﾏｷﾞｶ2,3302,3021,12,11
4036,SLOT魔法少女まどかﾏｷﾞｶ2,-1553,1911,4,3
4037,ﾘﾉ,-431,2834,16,9
4038,ﾘﾉ,-3330,2627,3,4
4039,ﾊﾟﾁｽﾛ北斗　転生の章,3756,2775,63,10
4040,ﾊﾟﾁｽﾛ北斗　転生の章,-1255,5036,56,18
4041,ﾊﾟﾁｽﾛ北斗　転生の章,-239,1953,23,6
4042,ﾊﾟﾁｽﾛ北斗　転生の章,3279,3621,73,17
4043,ﾊﾞｼﾞﾘｽｸ 甲賀忍法帖 絆,-2894,5305,34,14
4044,ﾊﾞｼﾞﾘｽｸ 甲賀忍法帖 絆,644,7901,60,41
4045,ﾊﾞｼﾞﾘｽｸ 甲賀忍法帖 絆,936,7355,57,37
4046,ﾊﾞｼﾞﾘｽｸ 甲賀忍法帖 絆,-1348,4190,29,15
4047,ﾊﾞｼﾞﾘｽｸ 甲賀忍法帖 絆,-632,7649,58,32
4048,ﾊﾞｼﾞﾘｽｸ 甲賀忍法帖 絆,-662,8718,69,35
4049,ﾊﾞｼﾞﾘｽｸ 甲賀忍法帖 絆,-1013,7625,59,33
4050,ﾊﾞｼﾞﾘｽｸ 甲賀忍法帖 絆,-2713,6132,44,20
4051,ﾊﾞｼﾞﾘｽｸ 甲賀忍法帖 絆,-656,7183,60,29
4052,ﾊﾞｼﾞﾘｽｸ 甲賀忍法帖 絆,-2959,7913,57,23
4053,ﾊﾞｼﾞﾘｽｸ 甲賀忍法帖 絆,-1018,8037,57,29
4054,押忍!番長3,-1183,2832,16,3
4055,押忍!番長3,1127,3182,41,7
4056,押忍!番長3,-760,1274,7,1
4057,押忍!番長3,-1064,2210,15,1
4058,押忍!番長3,-473,485,1,-
4059,押忍!番長3,3257,3271,61,11
4060,押忍!番長3,-1108,1174,3,-
4061,押忍!番長3,3443,4204,67,14
4062,押忍!番長3,-1468,1350,2,-
4063,押忍!番長3,-454,3125,27,3
4064,ﾊﾟﾁｽﾛ 笑ｩせぇるすまん3,-584,973,6,2
4065,ﾊﾟﾁｽﾛ 笑ｩせぇるすまん3,-1005,1582,6,4
4066,ﾊﾟﾁｽﾛ 笑ｩせぇるすまん3,-796,1518,6,5
4067,ｺｰﾄﾞｷﾞｱｽR2反逆のﾙﾙｰｼｭ,-1093,6854,25,35
4068,ｺｰﾄﾞｷﾞｱｽR2反逆のﾙﾙｰｼｭ,-562,525,1,1
4069,ｺｰﾄﾞｷﾞｱｽR2反逆のﾙﾙｰｼｭ,-1140,982,3,-
4070,ｺｰﾄﾞｷﾞｱｽR2反逆のﾙﾙｰｼｭ,-1853,3987,18,11
4071,GI優駿倶楽部,855,1812,21,-
4072,GI優駿倶楽部,-999,3455,15,-
4073,GI優駿倶楽部,771,1905,21,-
4074,GI優駿倶楽部,-1164,3611,17,-
4075,地獄少女 宵伽,-607,1231,5,-
4076,地獄少女 宵伽,-340,1355,4,-
4077,地獄少女 宵伽,-537,623,2,-
4078,地獄少女 宵伽,403,591,4,-
4079,ﾊﾟﾁｽﾛ 聖闘士星矢海皇覚醒,932,4912,56,3
4080,ﾊﾟﾁｽﾛ 聖闘士星矢海皇覚醒,-1103,2051,10,1
4081,ﾊﾟﾁｽﾛ 聖闘士星矢海皇覚醒,916,2816,39,3
4082,ﾊﾟﾁｽﾛ 聖闘士星矢海皇覚醒,2426,1494,38,3
4083,ﾊﾟﾁｽﾛﾓﾝｽﾀｰﾊﾝﾀｰ月下雷鳴,-1148,3145,30,-
4084,ﾊﾟﾁｽﾛﾓﾝｽﾀｰﾊﾝﾀｰ月下雷鳴,-975,866,4,-
4085,ﾊﾟﾁｽﾛﾓﾝｽﾀｰﾊﾝﾀｰ月下雷鳴,-1339,3513,32,-
4086,ﾊﾟﾁｽﾛﾓﾝｽﾀｰﾊﾝﾀｰ月下雷鳴,486,3132,37,-
4087,ﾆｭｰﾊﾟﾙｻｰSPII,-1422,3940,10,7
4088,ﾆｭｰﾊﾟﾙｻｰSPII,-687,1395,4,2
4089,ﾆｭｰﾊﾟﾙｻｰSPII,926,3801,19,3
4090,ﾆｭｰﾊﾟﾙｻｰSPII,-621,793,1,2
4091,ﾊﾞｰｻｽ,-319,4623,16,8
4092,ﾊﾞｰｻｽ,-647,1240,3,2
4093,ﾊﾞｰｻｽ,269,4585,16,10
4094,ﾊﾞｰｻｽ,-445,3802,10,14
4095,ﾊﾟﾁｽﾛ ｺｰﾄﾞｷﾞｱｽR2C.C.,-605,402,-,-
4096,ﾊﾟﾁｽﾛ ｺｰﾄﾞｷﾞｱｽR2C.C.,-135,102,-,-
4097,ﾊﾟﾁｽﾛ ｺｰﾄﾞｷﾞｱｽR2C.C.,-469,554,-,2
4098,ﾊﾟﾁｽﾛ ｺｰﾄﾞｷﾞｱｽR2C.C.,670,3855,13,8
4099,ﾊﾟﾁｽﾛｴｳﾚｶｾﾌﾞﾝAO,1348,4724,18,39
4100,ﾊﾟﾁｽﾛｴｳﾚｶｾﾌﾞﾝAO,-186,3040,11,17
4101,ﾊﾟﾁｽﾛｴｳﾚｶｾﾌﾞﾝAO,972,3636,14,26
4102,ﾊﾟﾁｽﾛｴｳﾚｶｾﾌﾞﾝAO,2535,4317,16,26
4103,ｸﾚｱの秘宝伝 眠りの塔,1223,4529,19,12
4104,ｸﾚｱの秘宝伝 眠りの塔,-376,1612,4,5
4105,ｸﾚｱの秘宝伝 眠りの塔,412,3033,11,8
4106,押忍!番長A,925,6700,24,25
4107,押忍!番長A,-587,1951,4,8
4108,押忍!番長A,-751,2923,8,8
4109,SLOT魔法少女まどかﾏｷﾞｶA,-638,435,-,-
4110,SLOT魔法少女まどかﾏｷﾞｶA,-420,324,-,1
4111,SLOT魔法少女まどかﾏｷﾞｶA,-516,3214,9,11
4112,ﾊﾅﾋﾞ,-587,1962,5,3
4113,ﾊﾅﾋﾞ,-202,4408,17,8
4114,ﾊﾅﾋﾞ,215,5443,15,23
4115,ﾊﾅﾋﾞ,-372,1907,5,5
4116,ﾊﾅﾋﾞ,170,1672,6,4
4117,ﾊﾅﾋﾞ,-270,4811,14,15
4118,ｴｳﾞｧﾝｹﾞﾘｵﾝ･ﾏｺﾞｺﾛを君に2,-708,3716,8,5
4119,ﾊﾟﾁｽﾛ 貞子vs伽椰子,-1273,2798,8,4
4120,ﾊﾟﾁｽﾛ BLOOD+ 二人の女王,3555,2390,35,13
4121,ﾊﾟﾁｽﾛ 織田信奈の野望,-2319,4620,38,7
4122,ﾊﾟﾁｽﾛ 討鬼伝,-1019,2776,11,8
4123,ﾊﾟﾁｽﾛ ﾘﾝｸﾞ 終焉ﾉ刻,120,4079,10,11
4124,盗忍!剛衛門,-1003,1267,4,1
4125,戦国乙女2,-1526,2598,7,4
4126,ﾊﾟﾁｽﾛ 呪怨,-336,1170,4,5
4127,ｱｶｷﾞ 闇に降り立った天才,-933,4069,10,27
4128,悪魔城ﾄﾞﾗｷｭﾗ LoS,-919,2732,8,17
4129,燃えよ!功夫淑女ﾄﾞﾗｺﾞﾝ,867,1699,9,10
4130,回胴性ﾐﾘｵﾝｱｰｻｰ,-1663,3868,6,8
4131,盗忍!剛衛門,-320,508,3,1
4132,ﾊﾟﾁｽﾛ ｺﾞﾙｺﾞ13,-349,1385,4,3
4133,ﾊﾟﾁｽﾛ化物語,284,3462,41,15
4134,ﾊﾟﾁｽﾛ ｶﾞｰﾙﾌﾚﾝﾄﾞ(仮),521,1976,14,5
4135,防空少女ﾗﾌﾞｷｭｰﾚ,62,3778,18,29
4136,ﾊﾟﾁｽﾛ 北斗修羅の国篇,-437,3390,24,12
4137,政宗2,-1638,3708,13,10
4138,ぱちｽﾛ ｳﾙﾄﾗｾﾌﾞﾝ,-3135,3777,14,10
4139,SLOTﾃﾞﾋﾞﾙﾏﾝχ,59,4417,16,22
4140,ﾊﾟﾁｽﾛ 閃乱ｶｸﾞﾗ,-336,5660,16,10
4141,忍魂 ~暁ﾉ章~,-1708,3548,13,5
4142,十字架3,2914,3749,75,-
4143,ﾊﾟﾁｽﾛ AKB48 勝利の女神,-84,513,6,1
4144,ﾊﾟﾁｽﾛ AKB48ﾊﾞﾗの儀式,31,2546,11,8
4145,ﾌﾞﾗｯｸﾗｸﾞｰﾝ3,2402,4301,18,18
4146,ﾊﾟﾁｽﾛ 亜人,-1132,2879,10,7
4147,花の慶次~天を穿つ戦槍~,-914,1747,5,5
4148,ﾏｼﾞｶﾙﾊﾛｳｨﾝ5,-964,3358,23,23
4149,ﾏｲｼﾞｬｸﾞﾗｰIII,-667,4545,15,9
4150,ﾏｲｼﾞｬｸﾞﾗｰIII,-314,4669,16,12
4151,ﾏｲｼﾞｬｸﾞﾗｰIII,-1046,1387,2,3
4152,ﾏｲｼﾞｬｸﾞﾗｰIII,-923,4479,13,13
4153,ﾏｲｼﾞｬｸﾞﾗｰIII,-516,2052,6,5
4154,ﾏｲｼﾞｬｸﾞﾗｰIII,142,4859,18,13
4155,ﾏｲｼﾞｬｸﾞﾗｰIII,-659,2005,5,7
4156,ﾏｲｼﾞｬｸﾞﾗｰIII,2240,5555,26,18
4157,ﾏｲｼﾞｬｸﾞﾗｰIII,-916,1704,3,6
4158,ﾏｲｼﾞｬｸﾞﾗｰIII,591,4807,19,14
4159,ﾏｲｼﾞｬｸﾞﾗｰIII,-452,2655,8,8
4160,ﾏｲｼﾞｬｸﾞﾗｰIII,1659,8248,33,30
4161,ﾏｲｼﾞｬｸﾞﾗｰII 2013年,-222,1387,4,3
4162,ﾏｲｼﾞｬｸﾞﾗｰII 2013年,-354,6739,23,20
4163,ﾏｲｼﾞｬｸﾞﾗｰII 2013年,-386,2729,8,8
4164,ﾏｲｼﾞｬｸﾞﾗｰII 2013年,1715,4650,23,13
4165,ﾏｲｼﾞｬｸﾞﾗｰII 2013年,-576,2987,9,7
4166,ﾏｲｼﾞｬｸﾞﾗｰII 2013年,-425,1874,6,4
4167,ﾏｲｼﾞｬｸﾞﾗｰII 2013年,-91,3461,12,10
4168,ﾏｲｼﾞｬｸﾞﾗｰII 2013年,-895,996,1,2
4169,ﾌｧﾝｷｰｼﾞｬｸﾞﾗｰ,-263,4615,16,13
4170,ﾌｧﾝｷｰｼﾞｬｸﾞﾗｰ,-975,3120,10,6
4171,ﾌｧﾝｷｰｼﾞｬｸﾞﾗｰ,-708,1009,2,1
4172,ﾌｧﾝｷｰｼﾞｬｸﾞﾗｰ,-1583,2298,5,4
4173,ﾌｧﾝｷｰｼﾞｬｸﾞﾗｰ,934,3233,15,9
4174,ﾌｧﾝｷｰｼﾞｬｸﾞﾗｰ,-731,1828,5,2
4175,ﾌｧﾝｷｰｼﾞｬｸﾞﾗｰ,-1023,4007,13,6
4176,ｱｲﾑｼﾞｬｸﾞﾗｰEX-AE,-891,5944,19,13
4177,ｱｲﾑｼﾞｬｸﾞﾗｰEX-AE,-376,2275,8,3
4178,ｱｲﾑｼﾞｬｸﾞﾗｰEX-AE,-210,911,4,-
4179,ｱｲﾑｼﾞｬｸﾞﾗｰEX-AE,128,2865,10,10
4180,ｱｲﾑｼﾞｬｸﾞﾗｰEX-AE,-733,1332,3,2
4181,ｱｲﾑｼﾞｬｸﾞﾗｰEX-AE,-154,577,2,1
4182,ｱｲﾑｼﾞｬｸﾞﾗｰEX-AE,-985,5891,16,22
4183,ｱｲﾑｼﾞｬｸﾞﾗｰEX-AE,-500,1391,3,6
4184,ｱｲﾑｼﾞｬｸﾞﾗｰEX-AE,-331,1231,4,3
4185,ｱｲﾑｼﾞｬｸﾞﾗｰEX-ｱﾆﾊﾞｰｻﾘｰED,-950,4212,13,9
4186,ｱｲﾑｼﾞｬｸﾞﾗｰEX-ｱﾆﾊﾞｰｻﾘｰED,-662,776,1,2
4187,ｱｲﾑｼﾞｬｸﾞﾗｰEX-ｱﾆﾊﾞｰｻﾘｰED,-1771,4545,13,8
4188,ｱｲﾑｼﾞｬｸﾞﾗｰEX-ｱﾆﾊﾞｰｻﾘｰED,-1177,1088,1,1
4189,ｱｲﾑｼﾞｬｸﾞﾗｰEX-ｱﾆﾊﾞｰｻﾘｰED,-924,1286,2,3
4190,ｱｲﾑｼﾞｬｸﾞﾗｰEX-ｱﾆﾊﾞｰｻﾘｰED,-391,4117,12,17
4191,ｱｲﾑｼﾞｬｸﾞﾗｰEX-ｱﾆﾊﾞｰｻﾘｰED,1486,3131,17,4
4192,ｱｲﾑｼﾞｬｸﾞﾗｰEX-ｱﾆﾊﾞｰｻﾘｰED,-682,915,2,-
4193,ｱｲﾑｼﾞｬｸﾞﾗｰEX-AE,-927,3331,10,6
4194,ｱｲﾑｼﾞｬｸﾞﾗｰEX-AE,-409,359,-,1
4195,ｱｲﾑｼﾞｬｸﾞﾗｰEX-AE,494,4435,15,17
4196,ｱｲﾑｼﾞｬｸﾞﾗｰEX-AE,-1136,1929,3,6
4197,ｱｲﾑｼﾞｬｸﾞﾗｰEX-AE,-251,1493,5,3
4198,ｱｲﾑｼﾞｬｸﾞﾗｰEX-AE,62,3459,13,7
4199,ｱｲﾑｼﾞｬｸﾞﾗｰEX-AE,-165,3441,11,11
4200,ｱｲﾑｼﾞｬｸﾞﾗｰEX-AE,-661,1588,5,1
4201,GOGOｼﾞｬｸﾞﾗｰ,-810,1547,3,5
4202,GOGOｼﾞｬｸﾞﾗｰ,2696,6951,35,20
4203,GOGOｼﾞｬｸﾞﾗｰ,-133,4331,16,15
4204,GOGOｼﾞｬｸﾞﾗｰ,-388,559,1,1
4205,GOGOｼﾞｬｸﾞﾗｰ,-933,6380,19,25
4206,GOGOｼﾞｬｸﾞﾗｰ,-1051,2256,6,4
4207,GOGOｼﾞｬｸﾞﾗｰ,195,5188,19,18
4208,GOGOｼﾞｬｸﾞﾗｰ,-409,910,3,-
4209,GOGOｼﾞｬｸﾞﾗｰ,243,4519,18,15
4210,GOGOｼﾞｬｸﾞﾗｰ,-961,962,1,2
4211,GOGOｼﾞｬｸﾞﾗｰ,-1434,3989,10,11
4212,GOGOｼﾞｬｸﾞﾗｰ,-1356,1541,2,2
4213,GOGOｼﾞｬｸﾞﾗｰ,-211,2191,9,3
4214,GOGOｼﾞｬｸﾞﾗｰ,-284,4123,14,13
4215,GOGOｼﾞｬｸﾞﾗｰ,-762,858,1,1
4216,GOGOｼﾞｬｸﾞﾗｰ,-1068,2071,6,4
4217,GOGOｼﾞｬｸﾞﾗｰ,-377,2760,8,9
4218,GOGOｼﾞｬｸﾞﾗｰ,775,3171,15,6
4219,GOGOｼﾞｬｸﾞﾗｰ,-819,2279,6,6
4220,GOGOｼﾞｬｸﾞﾗｰ,-354,3153,12,7
4221,GOGOｼﾞｬｸﾞﾗｰ,370,1714,8,4
4222,GOGOｼﾞｬｸﾞﾗｰ,-57,2231,8,6
4223,GOGOｼﾞｬｸﾞﾗｰ,-877,6169,19,22
4224,沖ﾄﾞｷ!,-5022,4838,19,8
4225,沖ﾄﾞｷ!,29,4116,29,17
4226,沖ﾄﾞｷ!,-1257,745,2,-
4227,沖ﾄﾞｷ!,-1806,1567,6,2
4228,沖ﾄﾞｷ!,-2667,2264,5,7
4229,沖ﾄﾞｷ!,-1709,1142,2,2
4230,沖ﾄﾞｷ!,998,1600,20,2
4231,沖ﾄﾞｷ!,-1960,1530,5,1
4232,沖ﾄﾞｷ!,-2508,2222,5,8
4233,沖ﾄﾞｷ!,-1394,4367,31,8
4234,沖ﾄﾞｷ!,-2975,3016,7,13
4235,沖ﾄﾞｷ!,-2213,2579,13,3
4236,沖ﾄﾞｷ!,1546,3211,28,17
4237,沖ﾄﾞｷ!,-808,1106,5,3
4238,沖ﾄﾞｷ!,-1700,2079,10,5
4239,沖ﾄﾞｷ!,-2557,1394,2,-
4240,沖ﾄﾞｷ!,-2145,2461,9,7
4241,沖ﾄﾞｷ!,-35,2124,18,7
4242,沖ﾄﾞｷ!,-790,1177,6,3
4243,沖ﾄﾞｷ!,1180,2530,23,11
4244,沖ﾄﾞｷ!,-1366,2389,12,7
4245,沖ﾄﾞｷ!,-2589,3530,12,15
4246,沖ﾄﾞｷ!,2517,1192,18,8
4247,沖ﾄﾞｷ!,-1478,779,-,1
4248,沖ﾄﾞｷ!,-349,1596,12,4
4249,沖ﾄﾞｷ!,66,2901,22,11
4250,沖ﾄﾞｷ!,-1763,2162,10,5
4251,沖ﾄﾞｷ!,-1842,2747,16,4
4252,ﾊｯﾋﾟｰｼﾞｬｸﾞﾗｰVII,798,2024,11,3
4253,ﾊｯﾋﾟｰｼﾞｬｸﾞﾗｰVII,-194,2946,11,8
4254,ﾊｯﾋﾟｰｼﾞｬｸﾞﾗｰVII,178,3195,13,8
4255,ﾊｯﾋﾟｰｼﾞｬｸﾞﾗｰVII,-154,1074,3,4
4256,ﾊｯﾋﾟｰｼﾞｬｸﾞﾗｰVII,960,6707,27,20
4257,ﾊｯﾋﾟｰｼﾞｬｸﾞﾗｰVII,1897,6967,25,35
4258,ｼﾞｬｸﾞﾗｰｶﾞｰﾙｽﾞ,2695,6838,31,25
4259,ｼﾞｬｸﾞﾗｰｶﾞｰﾙｽﾞ,2860,6963,31,29
4260,ｼﾞｬｸﾞﾗｰｶﾞｰﾙｽﾞ,4222,7059,37,24
4261,ｼﾞｬｸﾞﾗｰｶﾞｰﾙｽﾞ,-428,1754,6,2
4262,ｼﾞｬｸﾞﾗｰｶﾞｰﾙｽﾞ,-389,813,2,-
4263,ｽｰﾊﾟｰﾐﾗｸﾙｼﾞｬｸﾞﾗｰ,-828,1927,4,5
4264,ｽｰﾊﾟｰﾐﾗｸﾙｼﾞｬｸﾞﾗｰ,505,5086,19,14
4265,ｽｰﾊﾟｰﾐﾗｸﾙｼﾞｬｸﾞﾗｰ,-315,7362,25,21
4266,ｽｰﾊﾟｰﾐﾗｸﾙｼﾞｬｸﾞﾗｰ,-1153,3211,9,7
total,-,-95612,834647,-,-
