No,Payout,Rotation,Big,Reg
4001,-771,570,1,-
4002,93,2375,9,-
4003,-2175,1914,5,-
4004,673,1998,9,-
4005,-704,509,1,-
4006,-84,2232,14,-
4007,308,346,3,-
4008,-1212,785,1,-
4009,67,949,6,-
4010,-1253,1484,6,-
4011,-774,879,3,-
4012,566,473,5,-
4013,-304,287,1,-
4014,1138,1838,16,-
4015,-484,540,2,-
4016,95,1338,11,-
4017,320,1897,14,1
4018,-9,769,5,-
4019,-1268,2165,3,7
4020,-1036,807,1,1
4021,-469,1838,8,2
4022,-171,482,3,-
4023,-2506,2728,7,4
4024,3902,4394,14,8
4025,5665,3539,6,9
4026,-137,192,2,-
4027,-1604,4738,9,9
4028,3189,2247,7,3
4029,-138,71,-,-
4030,135,2132,8,5
4031,107,618,1,1
4032,-8,483,-,1
4033,1517,5381,21,19
4034,-517,420,1,1
4035,-451,724,1,1
4036,-674,1078,4,2
4037,1045,928,22,4
4038,342,2311,26,7
4039,-621,376,-,-
4040,4790,1230,47,2
4041,-1124,1415,11,4
4042,-177,1139,13,3
4043,92,3632,30,18
4044,3238,3563,29,20
4045,-464,4817,32,17
4046,-1028,1113,5,1
4047,4970,6986,65,49
4048,471,1521,13,9
4049,-996,2035,13,6
4050,683,3556,35,19
4051,-2200,3060,14,4
4052,-2463,3161,20,8
4053,-50,7703,48,34
4054,-1619,1444,2,-
4055,-856,2073,12,2
4056,-368,1307,11,-
4057,-1041,1543,9,-
4058,-583,491,1,-
4059,25,828,7,3
4060,2,854,8,1
4061,245,650,9,2
4062,-485,600,1,-
4063,0,-,-,-
4064,665,297,3,-
4065,-99,89,-,-
4066,-279,140,-,-
4067,-119,73,-,-
4068,-624,619,1,-
4069,-12,4,-,-
4070,-48,23,-,-
4071,0,-,-,-
4072,0,-,-,-
4073,1299,1117,18,-
4074,-377,826,6,2
4075,-627,749,1,1
4076,-313,250,-,-
4077,516,428,10,1
4078,-1244,1919,10,1
4079,-984,1632,8,1
4080,-610,689,1,-
4081,-489,4962,43,5
4082,-224,123,-,-
4083,513,2829,37,-
4084,-1991,1676,5,-
4085,-190,126,-,-
4086,-240,2087,22,-
4087,-41,1022,4,2
4088,-310,753,2,1
4089,-350,3970,11,15
4090,-183,1140,4,3
4091,-182,1545,7,2
4092,-425,460,1,-
4093,-1039,1903,4,5
4094,250,1690,6,4
4095,-154,536,1,1
4096,-188,101,-,-
4097,475,2282,9,5
4098,-279,175,-,-
4099,-139,72,-,-
4100,0,-,-,-
4101,1491,1744,8,16
4102,-94,60,-,-
4103,-551,1444,4,2
4104,-61,1579,6,2
4105,-314,446,1,-
4106,-1206,2844,5,11
4107,-1092,3706,11,10
4108,951,2955,12,11
4109,-327,455,1,1
4110,718,1468,8,3
4111,108,2281,10,4
4112,-349,906,2,2
4113,-443,752,1,2
4114,-3,1551,5,4
4115,-208,576,1,2
4116,-510,519,1,-
4117,50,1000,4,1
4118,1512,3932,14,7
4119,0,-,-,-
4120,-89,91,1,-
4121,-805,841,4,1
4122,0,-,-,-
4123,0,-,-,-
4124,-93,75,-,-
4125,-465,600,1,1
4126,0,-,-,-
4127,2192,4616,12,55
4128,-64,36,-,-
4129,-767,3370,18,10
4130,415,1730,4,6
4131,47,300,2,1
4132,0,-,-,-
4133,0,-,-,-
4134,-327,297,-,-
4135,909,3219,18,31
4136,-118,70,-,-
4137,-803,1264,3,2
4138,2175,487,60,5
4139,0,-,-,-
4140,2903,3678,10,5
4141,0,-,-,-
4142,-432,394,-,-
4143,-100,729,11,3
4144,-234,786,-,3
4145,-157,1019,4,2
4146,0,-,-,-
4147,905,2732,36,11
4148,-38,240,1,-
4149,-925,2807,6,8
4150,163,1573,6,5
4151,-566,4190,15,9
4152,-71,1044,4,2
4153,1151,5273,21,18
4154,-797,3645,11,10
4155,-181,405,1,1
4156,681,7436,30,19
4157,-699,1100,2,3
4158,69,4787,16,18
4159,-347,436,1,-
4160,-547,5633,16,22
4161,322,1886,9,4
4162,2407,4543,23,15
4163,331,2792,10,9
4164,-782,675,1,-
4165,648,6540,23,23
4166,-309,1339,4,4
4167,-820,879,1,1
4168,612,2664,12,6
4169,649,1889,9,4
4170,-765,982,1,3
4171,51,2278,9,5
4172,-722,2162,5,7
4173,-684,766,1,1
4174,-1085,2157,4,7
4175,-549,1208,3,2
4176,798,2991,14,5
4177,-303,382,2,1
4178,-229,4375,14,13
4179,3485,6354,31,26
4180,-176,654,2,1
4181,580,2615,12,10
4182,-655,944,2,2
4183,-30,922,4,1
4184,2674,7697,35,24
4185,996,2648,12,8
4186,205,3279,10,18
4187,-451,559,1,1
4188,475,2601,10,10
4189,-1230,2767,6,10
4190,-607,469,-,-
4191,-388,1506,4,5
4192,-46,6818,22,23
4193,252,489,3,-
4194,-854,2502,7,5
4195,1508,3486,17,10
4196,492,1508,7,4
4197,-1221,1788,3,4
4198,993,2848,15,5
4199,-322,1608,5,3
4200,-478,2019,5,8
4201,299,1689,7,5
4202,-226,549,1,2
4203,-990,2112,7,1
4204,-17,2208,9,6
4205,-673,1112,2,3
4206,-453,264,-,-
4207,-1141,1177,2,-
4208,-434,974,3,1
4209,120,899,5,-
4210,-647,628,1,-
4211,-276,204,-,-
4212,141,4631,19,13
4213,-803,2133,6,5
4214,-176,1368,4,5
4215,837,5589,22,19
4216,-273,976,2,5
4217,1376,3454,15,15
4218,-131,860,2,4
4219,-674,1363,3,3
4220,-415,690,1,2
4221,-170,2646,10,6
4222,-349,3242,13,5
4223,-564,4013,13,13
4224,-1179,1380,6,3
4225,-525,263,-,-
4226,-1776,1700,6,4
4227,-312,1238,8,4
4228,-1185,1358,8,-
4229,11,2088,10,15
4230,-379,1004,6,3
4231,-638,1433,9,4
4232,-112,1426,10,5
4233,59,2069,16,6
4234,2979,4234,43,18
4235,-3497,2211,3,4
4236,-93,1126,9,2
4237,-559,247,-,-
4238,-3260,2659,7,6
4239,-842,394,-,-
4240,2897,3291,34,18
4241,-10,467,4,1
4242,1824,874,13,6
4243,1859,1356,19,5
4244,-2073,3948,23,10
4245,445,1933,18,4
4246,-169,450,4,-
4247,-1228,1048,4,1
4248,-1072,3241,25,3
4249,-1343,1086,2,3
4250,-4946,5751,28,9
4251,92,3025,24,9
4252,-402,669,2,-
4253,-163,961,3,3
4254,1455,3123,16,9
4255,226,867,4,2
4256,-397,1229,4,2
4257,-453,480,1,-
4258,712,1021,6,2
4259,211,3365,13,9
4260,42,2351,8,8
4261,-397,488,1,-
4262,989,2376,13,7
4263,800,3117,15,5
4264,724,1643,9,3
4265,1140,2216,13,2
4266,142,4165,13,17
total,-13801,461725,-,-
