No,Payout,Rotation,Big,Reg
4001,-1720,2406,7,-
4002,-614,558,1,-
4003,-3197,2144,3,-
4004,-873,1906,4,-
4005,481,940,5,-
4006,-2597,1758,3,-
4007,-398,1167,6,1
4008,-1078,613,1,-
4009,-406,928,5,-
4010,-1783,1593,5,-
4011,-498,1906,10,-
4012,-90,47,-,-
4013,-1820,1658,5,-
4014,-562,394,1,-
4015,-864,1684,10,1
4016,-976,620,1,-
4017,5925,2708,37,1
4018,-204,101,-,-
4019,3020,6950,18,16
4020,-283,5564,23,11
4021,885,3730,12,7
4022,-362,1015,2,4
4023,-2417,2917,4,7
4024,1769,1757,8,1
4025,3816,4887,16,11
4026,-1088,1131,3,2
4027,2830,5374,18,7
4028,-1411,1392,-,3
4029,-97,85,-,-
4030,605,898,5,3
4031,-77,763,5,1
4032,788,1160,4,3
4033,-467,812,5,-
4034,297,1362,10,2
4035,693,216,8,1
4036,365,877,8,3
4037,-257,1758,18,6
4038,-406,367,-,1
4039,-1383,2935,28,8
4040,654,1620,26,5
4041,-773,599,2,1
4042,-919,656,2,1
4043,-1186,5313,45,19
4044,2332,4891,43,29
4045,80,5657,44,21
4046,-1472,3312,23,7
4047,-2533,5325,31,17
4048,-619,5118,32,19
4049,5213,7601,81,50
4050,1065,4370,35,20
4051,2963,4957,52,35
4052,8018,6660,58,42
4053,-916,5492,44,23
4054,-375,915,3,1
4055,-462,1088,8,1
4056,-552,2804,18,4
4057,-389,931,5,-
4058,-963,861,1,-
4059,-530,1217,9,1
4060,129,348,5,-
4061,53,732,6,1
4062,1608,3068,47,2
4063,-173,121,-,-
4064,-100,71,-,-
4065,-679,1053,3,-
4066,-546,1047,2,-
4067,-715,1170,3,3
4068,-317,787,2,4
4069,-658,536,1,-
4070,-482,977,2,3
4071,-243,749,2,-
4072,-39,32,-,-
4073,-504,1887,11,-
4074,-562,763,2,2
4075,-429,452,1,1
4076,-170,125,-,-
4077,-328,384,1,1
4078,-153,108,-,-
4079,-3277,5690,24,3
4080,-1653,3356,22,2
4081,-345,1491,12,2
4082,-420,1537,14,-
4083,-395,224,-,-
4084,-79,2754,32,-
4085,6887,1713,65,-
4086,-363,478,3,-
4087,-132,5152,17,14
4088,-176,150,-,-
4089,86,3414,13,8
4090,148,468,2,-
4091,-388,230,-,-
4092,-324,5263,15,13
4093,-205,114,-,-
4094,562,3415,13,11
4095,94,872,3,1
4096,-234,249,-,1
4097,252,2146,6,4
4098,-149,939,3,1
4099,2995,3305,14,30
4100,-126,1017,3,4
4101,-661,1839,8,4
4102,-1503,927,1,-
4103,-263,777,2,1
4104,-56,1325,4,4
4105,316,3887,14,9
4106,-315,300,-,1
4107,318,3995,14,16
4108,63,3069,12,10
4109,-328,229,-,-
4110,-459,1934,5,7
4111,4459,4900,30,17
4112,-865,1308,2,5
4113,-877,699,-,2
4114,1207,3430,13,7
4115,284,1314,6,2
4116,-318,911,2,3
4117,1695,6366,25,19
4118,-847,800,-,1
4119,-1130,2357,9,2
4120,1649,2654,15,17
4121,-1459,1018,3,-
4122,-381,350,-,-
4123,-788,872,2,1
4124,2392,933,23,2
4125,-603,612,1,1
4126,-104,64,-,-
4127,-708,650,-,1
4128,-64,966,1,8
4129,-1141,1554,2,3
4130,2116,1975,6,6
4131,-1373,1751,4,3
4132,-2635,2549,1,1
4133,464,668,7,3
4134,-502,479,1,1
4135,4434,7666,46,81
4136,773,436,9,3
4137,4463,5143,133,3
4138,-120,137,-,1
4139,-2126,1652,1,1
4140,-530,318,-,-
4141,-220,975,3,1
4142,-720,1260,7,-
4143,-286,490,1,1
4144,3068,2756,18,17
4145,-555,548,3,-
4146,-83,280,-,1
4147,-8,3677,41,18
4148,-1567,2886,13,11
4149,667,6865,25,23
4150,-295,5133,16,20
4151,55,3840,14,10
4152,-204,2365,7,7
4153,-986,1838,4,3
4154,2023,5874,29,12
4155,-692,2719,7,9
4156,389,3633,14,12
4157,-1418,3924,10,12
4158,-14,2965,9,10
4159,254,2089,8,4
4160,1639,5972,25,21
4161,-837,7171,22,22
4162,-345,4705,16,13
4163,-230,4230,14,13
4164,-567,1554,4,5
4165,-904,2987,7,10
4166,-923,4108,11,15
4167,99,7498,27,20
4168,-198,4115,14,13
4169,-444,1361,5,1
4170,564,4264,17,13
4171,830,2215,11,5
4172,-1512,1800,1,6
4173,-21,4427,16,11
4174,119,2936,11,6
4175,-1318,3801,10,9
4176,-158,2287,8,7
4177,-797,4109,13,11
4178,697,3734,13,15
4179,-1995,5064,11,18
4180,-579,1412,3,5
4181,830,3680,17,4
4182,2148,2292,14,8
4183,282,1446,7,2
4184,-485,1674,5,3
4185,-798,1592,3,4
4186,-663,930,2,-
4187,-548,1695,5,4
4188,1239,3431,17,8
4189,100,3329,12,9
4190,-323,466,1,-
4191,1906,5319,25,15
4192,526,2037,8,8
4193,-2306,8127,20,31
4194,924,1568,9,2
4195,837,2871,14,7
4196,-350,1189,4,1
4197,-415,2128,7,4
4198,-105,1422,6,1
4199,-524,4834,17,11
4200,-1121,1512,2,3
4201,891,5149,21,21
4202,342,3221,13,10
4203,-342,987,3,1
4204,-744,767,1,1
4205,-282,1515,5,4
4206,3391,6246,36,15
4207,-276,1243,4,3
4208,-196,2171,8,5
4209,-167,1771,7,3
4210,166,2719,11,8
4211,988,4643,21,14
4212,-597,690,1,1
4213,1168,3727,18,11
4214,-293,1099,3,3
4215,-238,3368,11,12
4216,178,2081,8,7
4217,-1100,2244,5,5
4218,-363,3558,12,9
4219,-1016,1844,4,5
4220,-938,2504,5,8
4221,-785,2522,8,4
4222,-830,774,1,1
4223,2378,5163,26,18
4224,4506,4473,52,21
4225,-2298,3658,19,9
4226,-1249,1429,6,4
4227,293,1960,16,8
4228,185,2224,18,7
4229,-2174,1469,3,2
4230,-614,2087,11,9
4231,5305,1481,33,13
4232,-454,1718,12,4
4233,-1162,839,2,1
4234,-3826,3551,13,6
4235,926,4099,35,15
4236,-3545,2693,7,4
4237,-1915,2199,8,7
4238,-1854,1693,5,5
4239,-2315,6001,32,23
4240,-796,1304,8,1
4241,-1252,1015,4,-
4242,-2776,4793,25,14
4243,-4196,3956,12,11
4244,-3789,4828,24,9
4245,-3379,2466,6,4
4246,3611,3119,36,17
4247,-1301,1459,4,7
4248,1319,2958,28,11
4249,-1450,1013,2,2
4250,1718,4768,50,7
4251,2222,4108,41,17
4252,-347,1532,5,4
4253,284,5497,19,18
4254,208,2318,9,7
4255,-918,650,2,-
4256,216,3897,14,12
4257,-142,1059,3,3
4258,-381,2848,9,11
4259,148,780,4,-
4260,654,3506,14,11
4261,-449,978,2,3
4262,912,2781,10,13
4263,-378,4342,14,11
4264,742,3764,17,9
4265,625,1875,10,3
4266,-2194,4010,9,10
total,-19154,632282,-,-
