No,lotName,Payout,Rotation,Big,Reg
4001,ｱﾅｻﾞｰｺﾞｯﾄﾞﾊｰﾃﾞｽ-奪われた,-3150,4875,13,-
4002,ｱﾅｻﾞｰｺﾞｯﾄﾞﾊｰﾃﾞｽ-奪われた,568,1861,7,-
4003,ｱﾅｻﾞｰｺﾞｯﾄﾞﾊｰﾃﾞｽ-奪われた,-377,1433,5,-
4004,ｱﾅｻﾞｰｺﾞｯﾄﾞﾊｰﾃﾞｽ-奪われた,6744,1909,20,-
4005,ｱﾅｻﾞｰｺﾞｯﾄﾞﾊｰﾃﾞｽ-奪われた,4321,1089,11,-
4006,ｱﾅｻﾞｰｺﾞｯﾄﾞﾊｰﾃﾞｽ-奪われた,913,3799,17,-
4007,ﾐﾘｵﾝｺﾞｯﾄﾞ~神々の凱旋~,611,2057,16,-
4008,ﾐﾘｵﾝｺﾞｯﾄﾞ~神々の凱旋~,-1540,3011,15,1
4009,ﾐﾘｵﾝｺﾞｯﾄﾞ~神々の凱旋~,-3637,3725,13,-
4010,ﾐﾘｵﾝｺﾞｯﾄﾞ~神々の凱旋~,1079,3428,25,1
4011,ﾐﾘｵﾝｺﾞｯﾄﾞ~神々の凱旋~,497,4748,37,-
4012,ﾐﾘｵﾝｺﾞｯﾄﾞ~神々の凱旋~,1196,2019,19,1
4013,ﾐﾘｵﾝｺﾞｯﾄﾞ~神々の凱旋~,6431,1852,34,1
4014,ﾐﾘｵﾝｺﾞｯﾄﾞ~神々の凱旋~,-339,2647,18,-
4015,ﾐﾘｵﾝｺﾞｯﾄﾞ~神々の凱旋~,121,4168,28,2
4016,ﾐﾘｵﾝｺﾞｯﾄﾞ~神々の凱旋~,1191,1380,14,1
4017,ﾐﾘｵﾝｺﾞｯﾄﾞ~神々の凱旋~,739,2992,22,1
4018,ﾐﾘｵﾝｺﾞｯﾄﾞ~神々の凱旋~,-9,5091,36,1
4019,魔法少女まどか☆ﾏｷﾞｶ,-3579,3790,7,4
4020,魔法少女まどか☆ﾏｷﾞｶ,-1495,1807,4,2
4021,魔法少女まどか☆ﾏｷﾞｶ,-2245,2383,4,3
4022,魔法少女まどか☆ﾏｷﾞｶ,-4954,7515,16,17
4023,魔法少女まどか☆ﾏｷﾞｶ,-3148,3755,6,8
4024,魔法少女まどか☆ﾏｷﾞｶ,8838,7708,12,18
4025,魔法少女まどか☆ﾏｷﾞｶ,-3209,2947,6,5
4026,魔法少女まどか☆ﾏｷﾞｶ,-1636,1314,3,1
4027,魔法少女まどか☆ﾏｷﾞｶ,3700,4508,21,4
4028,魔法少女まどか☆ﾏｷﾞｶ,-3965,4166,4,6
4029,魔法少女まどか☆ﾏｷﾞｶ,-313,6046,15,10
4030,SLOT魔法少女まどかﾏｷﾞｶ2,-2002,3710,8,8
4031,SLOT魔法少女まどかﾏｷﾞｶ2,-124,352,3,-
4032,SLOT魔法少女まどかﾏｷﾞｶ2,2150,5883,25,19
4033,SLOT魔法少女まどかﾏｷﾞｶ2,2311,7303,31,29
4034,SLOT魔法少女まどかﾏｷﾞｶ2,-611,2917,4,8
4035,花の慶次~天を穿つ戦槍~,-27,829,4,1
4036,花の慶次~天を穿つ戦槍~,579,817,9,3
4037,ﾊﾟﾁｽﾛ 北斗 新伝説創造,2867,2112,53,8
4038,ﾊﾟﾁｽﾛ 北斗 新伝説創造,1316,619,19,3
4039,ﾊﾟﾁｽﾛ北斗　転生の章,-107,3515,47,14
4040,ﾊﾟﾁｽﾛ北斗　転生の章,-3099,4011,29,10
4041,ﾊﾟﾁｽﾛ北斗　転生の章,-2268,2471,13,5
4042,ﾊﾟﾁｽﾛ北斗　転生の章,-5369,6753,47,16
4043,ﾊﾞｼﾞﾘｽｸ 甲賀忍法帖 絆,4125,8214,71,49
4044,ﾊﾞｼﾞﾘｽｸ 甲賀忍法帖 絆,-3021,3608,21,9
4045,ﾊﾞｼﾞﾘｽｸ 甲賀忍法帖 絆,6727,8222,63,41
4046,ﾊﾞｼﾞﾘｽｸ 甲賀忍法帖 絆,1601,6615,48,35
4047,ﾊﾞｼﾞﾘｽｸ 甲賀忍法帖 絆,-2190,4758,32,11
4048,ﾊﾞｼﾞﾘｽｸ 甲賀忍法帖 絆,30,5697,41,24
4049,ﾊﾞｼﾞﾘｽｸ 甲賀忍法帖 絆,-1928,6861,48,20
4050,ﾊﾞｼﾞﾘｽｸ 甲賀忍法帖 絆,440,7449,54,33
4051,ﾊﾞｼﾞﾘｽｸ 甲賀忍法帖 絆,1768,7566,66,39
4052,ﾊﾞｼﾞﾘｽｸ 甲賀忍法帖 絆,-2318,5632,43,16
4053,ﾊﾞｼﾞﾘｽｸ 甲賀忍法帖 絆,-2392,5156,36,18
4054,押忍!番長3,2516,3180,52,6
4055,押忍!番長3,335,3807,36,7
4056,押忍!番長3,-70,670,6,-
4057,押忍!番長3,-810,3839,32,3
4058,押忍!番長3,-648,900,3,-
4059,押忍!番長3,-3713,3953,6,1
4060,押忍!番長3,1603,2784,40,9
4061,押忍!番長3,-330,648,4,1
4062,押忍!番長3,-436,4561,47,4
4063,地獄少女 宵伽,-156,99,-,-
4064,地獄少女 宵伽,-256,897,5,-
4065,地獄少女 宵伽,-731,1413,3,-
4066,地獄少女 宵伽,-237,150,-,-
4067,ｺｰﾄﾞｷﾞｱｽR2反逆のﾙﾙｰｼｭ,-217,407,1,2
4068,ｺｰﾄﾞｷﾞｱｽR2反逆のﾙﾙｰｼｭ,-409,2098,8,11
4069,ｺｰﾄﾞｷﾞｱｽR2反逆のﾙﾙｰｼｭ,-741,497,1,-
4070,ｺｰﾄﾞｷﾞｱｽR2反逆のﾙﾙｰｼｭ,-560,571,3,-
4071,GI優駿倶楽部,171,1001,4,-
4072,GI優駿倶楽部,2970,2658,33,-
4073,GI優駿倶楽部,-156,88,-,-
4074,GI優駿倶楽部,636,3111,32,-
4075,ﾊﾟﾁｽﾛ 笑ｩせぇるすまん3,677,198,8,2
4076,ﾊﾟﾁｽﾛ 笑ｩせぇるすまん3,-1003,1788,7,6
4077,ﾊﾟﾁｽﾛ 笑ｩせぇるすまん3,-525,862,4,2
4078,ﾊﾟﾁｽﾛ 笑ｩせぇるすまん3,-140,96,-,-
4079,ﾊﾟﾁｽﾛ 聖闘士星矢海皇覚醒,-601,4806,40,3
4080,ﾊﾟﾁｽﾛ 聖闘士星矢海皇覚醒,-179,1370,10,1
4081,ﾊﾟﾁｽﾛ 聖闘士星矢海皇覚醒,131,4081,45,2
4082,ﾊﾟﾁｽﾛ 聖闘士星矢海皇覚醒,-715,3324,26,3
4083,ﾊﾟﾁｽﾛﾓﾝｽﾀｰﾊﾝﾀｰ月下雷鳴,4323,2496,52,-
4084,ﾊﾟﾁｽﾛﾓﾝｽﾀｰﾊﾝﾀｰ月下雷鳴,-2261,4069,32,-
4085,ﾊﾟﾁｽﾛﾓﾝｽﾀｰﾊﾝﾀｰ月下雷鳴,-597,893,6,-
4086,ﾊﾟﾁｽﾛﾓﾝｽﾀｰﾊﾝﾀｰ月下雷鳴,4775,3647,77,-
4087,ﾆｭｰﾊﾟﾙｻｰSPII,-921,688,-,1
4088,ﾆｭｰﾊﾟﾙｻｰSPII,793,5671,23,15
4089,ﾆｭｰﾊﾟﾙｻｰSPII,-255,147,-,-
4090,ﾆｭｰﾊﾟﾙｻｰSPII,-249,1933,5,7
4091,ﾊﾞｰｻｽ,-849,1996,4,4
4092,ﾊﾞｰｻｽ,1140,4375,16,16
4093,ﾊﾞｰｻｽ,-120,826,3,-
4094,ﾊﾞｰｻｽ,-2421,4644,8,16
4095,ﾊﾟﾁｽﾛ ｺｰﾄﾞｷﾞｱｽR2C.C.,2175,4985,21,12
4096,ﾊﾟﾁｽﾛ ｺｰﾄﾞｷﾞｱｽR2C.C.,-103,507,1,1
4097,ﾊﾟﾁｽﾛ ｺｰﾄﾞｷﾞｱｽR2C.C.,-25,1619,5,3
4098,ﾊﾟﾁｽﾛ ｺｰﾄﾞｷﾞｱｽR2C.C.,259,1040,3,3
4099,ﾊﾟﾁｽﾛｴｳﾚｶｾﾌﾞﾝAO,100,1620,8,7
4100,ﾊﾟﾁｽﾛｴｳﾚｶｾﾌﾞﾝAO,273,650,4,7
4101,ﾊﾟﾁｽﾛｴｳﾚｶｾﾌﾞﾝAO,-347,242,1,-
4102,ﾊﾟﾁｽﾛｴｳﾚｶｾﾌﾞﾝAO,-1055,2456,9,8
4103,ｸﾚｱの秘宝伝 眠りの塔,2404,5714,24,15
4104,ｸﾚｱの秘宝伝 眠りの塔,1343,2331,10,10
4105,ｸﾚｱの秘宝伝 眠りの塔,-422,512,1,-
4106,押忍!番長A,-620,2831,8,12
4107,押忍!番長A,39,4012,16,10
4108,押忍!番長A,-1194,3417,10,6
4109,SLOT魔法少女まどかﾏｷﾞｶA,-154,401,1,1
4110,SLOT魔法少女まどかﾏｷﾞｶA,-701,1277,3,3
4111,SLOT魔法少女まどかﾏｷﾞｶA,-328,563,1,2
4112,ﾊﾅﾋﾞ,1172,4752,17,15
4113,ﾊﾅﾋﾞ,805,3258,11,11
4114,ﾊﾅﾋﾞ,231,1284,6,5
4115,ﾊﾅﾋﾞ,-8,979,3,3
4116,ﾊﾅﾋﾞ,1075,1360,8,3
4117,ﾊﾅﾋﾞ,651,5742,21,16
4118,ｴｳﾞｧﾝｹﾞﾘｵﾝ･ﾏｺﾞｺﾛを君に2,287,3728,9,9
4119,ﾊﾟﾁｽﾛ 蒼穹のﾌｧﾌﾅｰ,-2202,2809,9,1
4120,ﾊﾟﾁｽﾛ BLOOD+ 二人の女王,-1012,4545,20,17
4121,ﾊﾟﾁｽﾛ 織田信奈の野望,-685,531,2,-
4122,ﾊﾟﾁｽﾛ 討鬼伝,-418,2024,12,7
4123,ﾊﾟﾁｽﾛ ﾘﾝｸﾞ 終焉ﾉ刻,-144,1001,1,4
4124,盗忍!剛衛門,-66,1830,12,4
4125,戦国乙女2,-314,220,-,-
4126,信長の野望-創造-Z,266,818,4,1
4127,ｱｶｷﾞ 闇に降り立った天才,-518,416,-,1
4128,悪魔城ﾄﾞﾗｷｭﾗ LoS,1420,2491,10,29
4129,燃えよ!功夫淑女ﾄﾞﾗｺﾞﾝ,-2110,3032,5,8
4130,回胴性ﾐﾘｵﾝｱｰｻｰ,1094,3771,10,13
4131,盗忍!剛衛門,-706,2190,13,3
4132,ﾊﾟﾁｽﾛ ｺﾞﾙｺﾞ13,-208,241,-,-
4133,恵比寿ﾏｽｶｯﾂ,-224,186,-,-
4134,ﾊﾟﾁｽﾛ ｶﾞｰﾙﾌﾚﾝﾄﾞ(仮),-273,2239,16,7
4135,防空少女ﾗﾌﾞｷｭｰﾚ,93,2173,4,22
4136,ﾊﾟﾁｽﾛ 北斗修羅の国篇,-3035,2979,9,5
4137,政宗2,-1484,2393,6,4
4138,ぱちｽﾛ ｳﾙﾄﾗｾﾌﾞﾝ,-1393,5654,36,29
4139,SLOTﾃﾞﾋﾞﾙﾏﾝχ,731,836,3,10
4140,ﾊﾟﾁｽﾛ 閃乱ｶｸﾞﾗ,-1316,2873,5,5
4141,ﾊﾟﾁｽﾛ 黒神 The Animation,580,619,5,2
4142,十字架3,-1111,1278,4,-
4143,ﾊﾟﾁｽﾛ AKB48 勝利の女神,-1529,2742,15,8
4144,ﾊﾟﾁｽﾛ AKB48ﾊﾞﾗの儀式,357,3803,17,11
4145,ﾌﾞﾗｯｸﾗｸﾞｰﾝ3,-449,1357,4,4
4146,ﾊﾟﾁｽﾛ 亜人,-928,732,2,-
4147,ﾊﾟﾁｽﾛ化物語,1396,4043,54,21
4148,ﾏｼﾞｶﾙﾊﾛｳｨﾝ5,939,2827,16,31
4149,ﾏｲｼﾞｬｸﾞﾗｰIII,-809,3582,11,9
4150,ﾏｲｼﾞｬｸﾞﾗｰIII,-362,1592,6,1
4151,ﾏｲｼﾞｬｸﾞﾗｰIII,-517,6658,21,23
4152,ﾏｲｼﾞｬｸﾞﾗｰIII,-370,513,1,-
4153,ﾏｲｼﾞｬｸﾞﾗｰIII,-1018,7285,19,26
4154,ﾏｲｼﾞｬｸﾞﾗｰIII,-259,1456,5,3
4155,ﾏｲｼﾞｬｸﾞﾗｰIII,95,4617,18,7
4156,ﾏｲｼﾞｬｸﾞﾗｰIII,359,2446,10,9
4157,ﾏｲｼﾞｬｸﾞﾗｰIII,-763,814,1,1
4158,ﾏｲｼﾞｬｸﾞﾗｰIII,-1189,4787,13,15
4159,ﾏｲｼﾞｬｸﾞﾗｰIII,-672,1469,4,2
4160,ﾏｲｼﾞｬｸﾞﾗｰIII,-1278,2824,5,8
4161,ﾏｲｼﾞｬｸﾞﾗｰII 2013年,1254,5710,26,13
4162,ﾏｲｼﾞｬｸﾞﾗｰII 2013年,1847,5341,25,17
4163,ﾏｲｼﾞｬｸﾞﾗｰII 2013年,3100,7835,36,27
4164,ﾏｲｼﾞｬｸﾞﾗｰII 2013年,-924,1151,2,1
4165,ﾏｲｼﾞｬｸﾞﾗｰII 2013年,-761,3799,12,9
4166,ﾏｲｼﾞｬｸﾞﾗｰII 2013年,-389,353,-,1
4167,ﾏｲｼﾞｬｸﾞﾗｰII 2013年,963,9516,36,32
4168,ﾏｲｼﾞｬｸﾞﾗｰII 2013年,1571,3548,17,10
4169,ﾌｧﾝｷｰｼﾞｬｸﾞﾗｰ,337,1880,8,4
4170,ﾌｧﾝｷｰｼﾞｬｸﾞﾗｰ,-476,2028,6,5
4171,ﾌｧﾝｷｰｼﾞｬｸﾞﾗｰ,-1115,1249,1,4
4172,ﾌｧﾝｷｰｼﾞｬｸﾞﾗｰ,3749,5352,30,17
4173,ﾌｧﾝｷｰｼﾞｬｸﾞﾗｰ,2240,5214,23,18
4174,ﾌｧﾝｷｰｼﾞｬｸﾞﾗｰ,60,2576,11,3
4175,ﾌｧﾝｷｰｼﾞｬｸﾞﾗｰ,-167,3620,14,7
4176,ｱｲﾑｼﾞｬｸﾞﾗｰEX-AE,940,6436,24,22
4177,ｱｲﾑｼﾞｬｸﾞﾗｰEX-AE,-166,2796,10,5
4178,ｱｲﾑｼﾞｬｸﾞﾗｰEX-AE,1029,5635,23,16
4179,ｱｲﾑｼﾞｬｸﾞﾗｰEX-AE,241,2671,10,10
4180,ｱｲﾑｼﾞｬｸﾞﾗｰEX-AE,-434,2096,7,5
4181,ｱｲﾑｼﾞｬｸﾞﾗｰEX-AE,-170,1617,5,5
4182,ｱｲﾑｼﾞｬｸﾞﾗｰEX-AE,1093,6406,25,22
4183,ｱｲﾑｼﾞｬｸﾞﾗｰEX-AE,139,2354,10,5
4184,ｱｲﾑｼﾞｬｸﾞﾗｰEX-AE,-1663,3200,6,10
4185,ｼﾞｬｸﾞﾗｰｶﾞｰﾙｽﾞ,-725,1605,3,5
4186,ｼﾞｬｸﾞﾗｰｶﾞｰﾙｽﾞ,-530,964,2,2
4187,ｼﾞｬｸﾞﾗｰｶﾞｰﾙｽﾞ,-145,1735,7,1
4188,ｼﾞｬｸﾞﾗｰｶﾞｰﾙｽﾞ,-1667,2053,3,4
4189,ｼﾞｬｸﾞﾗｰｶﾞｰﾙｽﾞ,-437,555,1,1
4190,ｼﾞｬｸﾞﾗｰｶﾞｰﾙｽﾞ,-550,2221,7,5
4191,ｼﾞｬｸﾞﾗｰｶﾞｰﾙｽﾞ,-29,2594,9,8
4192,ｼﾞｬｸﾞﾗｰｶﾞｰﾙｽﾞ,-288,1439,4,5
4193,ｱｲﾑｼﾞｬｸﾞﾗｰEX-AE,-372,2087,6,6
4194,ｱｲﾑｼﾞｬｸﾞﾗｰEX-AE,-76,3232,13,4
4195,ｱｲﾑｼﾞｬｸﾞﾗｰEX-AE,821,3017,14,5
4196,ｱｲﾑｼﾞｬｸﾞﾗｰEX-AE,-1157,1512,2,3
4197,ｱｲﾑｼﾞｬｸﾞﾗｰEX-AE,507,5842,21,22
4198,ｱｲﾑｼﾞｬｸﾞﾗｰEX-AE,2129,5173,25,20
4199,ｱｲﾑｼﾞｬｸﾞﾗｰEX-AE,-387,2846,9,8
4200,ｱｲﾑｼﾞｬｸﾞﾗｰEX-AE,-164,4265,14,14
4201,GOGOｼﾞｬｸﾞﾗｰ,1712,3035,16,10
4202,GOGOｼﾞｬｸﾞﾗｰ,2194,6057,32,14
4203,GOGOｼﾞｬｸﾞﾗｰ,179,2766,12,6
4204,GOGOｼﾞｬｸﾞﾗｰ,740,5691,23,21
4205,GOGOｼﾞｬｸﾞﾗｰ,-669,977,2,1
4206,GOGOｼﾞｬｸﾞﾗｰ,-736,1128,2,2
4207,GOGOｼﾞｬｸﾞﾗｰ,-238,2554,9,6
4208,GOGOｼﾞｬｸﾞﾗｰ,779,5237,19,21
4209,GOGOｼﾞｬｸﾞﾗｰ,-310,1446,5,3
4210,GOGOｼﾞｬｸﾞﾗｰ,212,5654,21,23
4211,GOGOｼﾞｬｸﾞﾗｰ,351,1094,5,3
4212,GOGOｼﾞｬｸﾞﾗｰ,2729,7352,32,31
4213,GOGOｼﾞｬｸﾞﾗｰ,-808,2377,8,2
4214,GOGOｼﾞｬｸﾞﾗｰ,1158,4198,19,13
4215,GOGOｼﾞｬｸﾞﾗｰ,-764,2228,6,7
4216,GOGOｼﾞｬｸﾞﾗｰ,-755,741,1,3
4217,GOGOｼﾞｬｸﾞﾗｰ,775,5089,19,20
4218,GOGOｼﾞｬｸﾞﾗｰ,-563,1185,4,1
4219,GOGOｼﾞｬｸﾞﾗｰ,427,7482,29,23
4220,GOGOｼﾞｬｸﾞﾗｰ,635,2236,11,6
4221,GOGOｼﾞｬｸﾞﾗｰ,-684,620,-,2
4222,GOGOｼﾞｬｸﾞﾗｰ,2306,8380,36,35
4223,GOGOｼﾞｬｸﾞﾗｰ,-556,1440,4,4
4224,沖ﾄﾞｷ!,3061,3110,33,18
4225,沖ﾄﾞｷ!,-1139,2412,15,6
4226,沖ﾄﾞｷ!,-1162,780,1,2
4227,沖ﾄﾞｷ!,-2147,2458,9,8
4228,沖ﾄﾞｷ!,-1249,1969,10,6
4229,沖ﾄﾞｷ!,917,2440,20,12
4230,沖ﾄﾞｷ!,394,1673,16,4
4231,沖ﾄﾞｷ!,2408,1902,24,9
4232,沖ﾄﾞｷ!,-1146,630,1,-
4233,沖ﾄﾞｷ!,-689,3258,24,8
4234,沖ﾄﾞｷ!,-2488,2585,10,5
4235,沖ﾄﾞｷ!,-2202,5098,32,12
4236,沖ﾄﾞｷ!,1060,1918,21,5
4237,沖ﾄﾞｷ!,-653,1287,6,5
4238,沖ﾄﾞｷ!,-1436,4611,34,13
4239,沖ﾄﾞｷ!,1578,1379,16,7
4240,沖ﾄﾞｷ!,-2369,2522,8,8
4241,沖ﾄﾞｷ!,-1047,581,1,-
4242,沖ﾄﾞｷ!,4373,4283,50,19
4243,沖ﾄﾞｷ!,1204,2816,24,13
4244,沖ﾄﾞｷ!,2098,2535,27,10
4245,沖ﾄﾞｷ!,2501,2759,31,11
4246,沖ﾄﾞｷ!,358,4441,37,13
4247,沖ﾄﾞｷ!,4655,4345,49,22
4248,沖ﾄﾞｷ!,-2866,2694,8,7
4249,沖ﾄﾞｷ!,-1737,890,-,1
4250,沖ﾄﾞｷ!,-439,2246,18,3
4251,沖ﾄﾞｷ!,-16,3824,27,16
4252,ﾊｯﾋﾟｰｼﾞｬｸﾞﾗｰVII,-130,4980,16,18
4253,ﾊｯﾋﾟｰｼﾞｬｸﾞﾗｰVII,-1221,1777,2,7
4254,ﾊｯﾋﾟｰｼﾞｬｸﾞﾗｰVII,-1477,2404,4,8
4255,ﾊｯﾋﾟｰｼﾞｬｸﾞﾗｰVII,1154,1958,10,9
4256,ﾊｯﾋﾟｰｼﾞｬｸﾞﾗｰVII,36,2610,11,5
4257,ﾊｯﾋﾟｰｼﾞｬｸﾞﾗｰVII,-708,1114,2,4
4258,ｱｲﾑｼﾞｬｸﾞﾗｰEX-ｱﾆﾊﾞｰｻﾘｰED,1966,7287,29,31
4259,ｱｲﾑｼﾞｬｸﾞﾗｰEX-ｱﾆﾊﾞｰｻﾘｰED,-432,482,1,-
4260,ｱｲﾑｼﾞｬｸﾞﾗｰEX-ｱﾆﾊﾞｰｻﾘｰED,3935,5577,33,18
4261,ｱｲﾑｼﾞｬｸﾞﾗｰEX-ｱﾆﾊﾞｰｻﾘｰED,261,1860,9,3
4262,ｱｲﾑｼﾞｬｸﾞﾗｰEX-ｱﾆﾊﾞｰｻﾘｰED,-38,3972,13,14
4263,ｽｰﾊﾟｰﾐﾗｸﾙｼﾞｬｸﾞﾗｰ,-1103,1080,1,2
4264,ｽｰﾊﾟｰﾐﾗｸﾙｼﾞｬｸﾞﾗｰ,-709,2351,6,9
4265,ｽｰﾊﾟｰﾐﾗｸﾙｼﾞｬｸﾞﾗｰ,471,4206,17,12
4266,ｽｰﾊﾟｰﾐﾗｸﾙｼﾞｬｸﾞﾗｰ,-1629,4434,11,12
total,-,6940,780339,-,-
