No,lotName,Payout,Rotation,Big,Reg
4001,ｱﾅｻﾞｰｺﾞｯﾄﾞﾊｰﾃﾞｽ-奪われた,3184,2387,11,-
4002,ｱﾅｻﾞｰｺﾞｯﾄﾞﾊｰﾃﾞｽ-奪われた,171,2916,15,-
4003,ｱﾅｻﾞｰｺﾞｯﾄﾞﾊｰﾃﾞｽ-奪われた,-63,1735,9,-
4004,ｱﾅｻﾞｰｺﾞｯﾄﾞﾊｰﾃﾞｽ-奪われた,-62,3043,13,-
4005,ｱﾅｻﾞｰｺﾞｯﾄﾞﾊｰﾃﾞｽ-奪われた,-1916,5949,25,-
4006,ﾐﾘｵﾝｺﾞｯﾄﾞ~神々の凱旋~,-3398,2799,7,-
4007,ﾐﾘｵﾝｺﾞｯﾄﾞ~神々の凱旋~,265,2970,21,1
4008,ﾐﾘｵﾝｺﾞｯﾄﾞ~神々の凱旋~,-1239,3451,21,-
4009,ﾐﾘｵﾝｺﾞｯﾄﾞ~神々の凱旋~,2657,1808,21,-
4010,ﾐﾘｵﾝｺﾞｯﾄﾞ~神々の凱旋~,-4576,4596,15,1
4011,ﾐﾘｵﾝｺﾞｯﾄﾞ~神々の凱旋~,69,2095,14,1
4012,ﾐﾘｵﾝｺﾞｯﾄﾞ~神々の凱旋~,-2255,1352,3,-
4013,ﾐﾘｵﾝｺﾞｯﾄﾞ~神々の凱旋~,1036,2994,24,-
4014,ﾐﾘｵﾝｺﾞｯﾄﾞ~神々の凱旋~,8282,2745,48,2
4015,ﾐﾘｵﾝｺﾞｯﾄﾞ~神々の凱旋~,-2871,1544,1,-
4016,ﾐﾘｵﾝｺﾞｯﾄﾞ~神々の凱旋~,-415,4481,31,1
4017,ﾐﾘｵﾝｺﾞｯﾄﾞ~神々の凱旋~,-2395,3392,15,1
4018,ﾐﾘｵﾝｺﾞｯﾄﾞ~神々の凱旋~,-3352,4388,19,1
4019,魔法少女まどか☆ﾏｷﾞｶ,3910,7049,16,13
4020,魔法少女まどか☆ﾏｷﾞｶ,-1345,2576,4,6
4021,魔法少女まどか☆ﾏｷﾞｶ,-419,2618,10,3
4022,魔法少女まどか☆ﾏｷﾞｶ,-57,4335,13,9
4023,魔法少女まどか☆ﾏｷﾞｶ,8147,7202,27,19
4024,魔法少女まどか☆ﾏｷﾞｶ,-7,2418,7,1
4025,魔法少女まどか☆ﾏｷﾞｶ,-2075,2194,4,5
4026,魔法少女まどか☆ﾏｷﾞｶ,7318,4868,12,3
4027,魔法少女まどか☆ﾏｷﾞｶ,-2137,3635,7,11
4028,魔法少女まどか☆ﾏｷﾞｶ,1187,4176,19,3
4029,魔法少女まどか☆ﾏｷﾞｶ,-567,3178,7,7
4030,SLOT魔法少女まどかﾏｷﾞｶ2,-866,2392,6,3
4031,SLOT魔法少女まどかﾏｷﾞｶ2,-1041,3153,9,8
4032,SLOT魔法少女まどかﾏｷﾞｶ2,-111,1745,10,6
4033,SLOT魔法少女まどかﾏｷﾞｶ2,-1247,1242,2,1
4034,SLOT魔法少女まどかﾏｷﾞｶ2,-1755,2447,5,3
4035,SLOT魔法少女まどかﾏｷﾞｶ2,-320,4136,9,10
4036,花の慶次~天を穿つ戦槍~,-901,1669,6,2
4037,ﾊﾟﾁｽﾛ 北斗 新伝説創造,-1441,3528,19,12
4038,ﾊﾟﾁｽﾛ 北斗 新伝説創造,-638,1155,2,5
4039,ﾊﾟﾁｽﾛ北斗　転生の章,1106,5097,73,15
4040,ﾊﾟﾁｽﾛ北斗　転生の章,-541,2608,29,10
4041,ﾊﾟﾁｽﾛ北斗　転生の章,-227,2335,28,5
4042,ﾊﾟﾁｽﾛ北斗　転生の章,7442,4133,102,13
4043,ﾊﾞｼﾞﾘｽｸ 甲賀忍法帖 絆,1389,8344,66,40
4044,ﾊﾞｼﾞﾘｽｸ 甲賀忍法帖 絆,3194,8544,74,49
4045,ﾊﾞｼﾞﾘｽｸ 甲賀忍法帖 絆,-2178,7644,55,26
4046,ﾊﾞｼﾞﾘｽｸ 甲賀忍法帖 絆,992,7340,61,29
4047,ﾊﾞｼﾞﾘｽｸ 甲賀忍法帖 絆,415,8110,61,32
4048,ﾊﾞｼﾞﾘｽｸ 甲賀忍法帖 絆,-617,7511,47,28
4049,ﾊﾞｼﾞﾘｽｸ 甲賀忍法帖 絆,-567,5359,40,19
4050,ﾊﾞｼﾞﾘｽｸ 甲賀忍法帖 絆,-1883,7907,57,28
4051,ﾊﾞｼﾞﾘｽｸ 甲賀忍法帖 絆,-1110,7397,38,27
4052,ﾊﾞｼﾞﾘｽｸ 甲賀忍法帖 絆,1720,8010,63,45
4053,ﾊﾞｼﾞﾘｽｸ 甲賀忍法帖 絆,-3440,7343,53,20
4054,押忍!番長3,5224,3996,77,16
4055,押忍!番長3,-1941,4295,24,5
4056,押忍!番長3,1392,4237,57,7
4057,押忍!番長3,-122,4475,46,6
4058,押忍!番長3,-3107,3439,7,-
4059,押忍!番長3,11,4922,48,5
4060,押忍!番長3,-1506,3801,33,1
4061,押忍!番長3,-93,3658,39,4
4062,押忍!番長3,-2120,3361,14,1
4063,地獄少女 宵伽,-1408,1811,4,-
4064,地獄少女 宵伽,-340,532,2,-
4065,地獄少女 宵伽,-611,3250,11,-
4066,地獄少女 宵伽,942,1270,5,-
4067,ｺｰﾄﾞｷﾞｱｽR2反逆のﾙﾙｰｼｭ,-549,384,1,-
4068,ｺｰﾄﾞｷﾞｱｽR2反逆のﾙﾙｰｼｭ,-401,1498,7,4
4069,ｺｰﾄﾞｷﾞｱｽR2反逆のﾙﾙｰｼｭ,-95,736,2,4
4070,ｺｰﾄﾞｷﾞｱｽR2反逆のﾙﾙｰｼｭ,-770,842,4,-
4071,GI優駿倶楽部,-240,2111,10,-
4072,GI優駿倶楽部,-219,161,-,-
4073,GI優駿倶楽部,1023,3012,37,-
4074,GI優駿倶楽部,-402,3623,36,-
4075,ﾊﾟﾁｽﾛ 笑ｩせぇるすまん3,-878,876,1,1
4076,ﾊﾟﾁｽﾛ 笑ｩせぇるすまん3,-931,1945,9,7
4077,ﾊﾟﾁｽﾛ 笑ｩせぇるすまん3,-721,1039,3,3
4078,ﾊﾟﾁｽﾛ 笑ｩせぇるすまん3,-972,998,2,2
4079,ﾊﾟﾁｽﾛ 聖闘士星矢海皇覚醒,-3339,6255,28,3
4080,ﾊﾟﾁｽﾛ 聖闘士星矢海皇覚醒,5467,2549,77,6
4081,ﾊﾟﾁｽﾛ 聖闘士星矢海皇覚醒,1210,3518,47,4
4082,ﾊﾟﾁｽﾛ 聖闘士星矢海皇覚醒,-761,4031,34,4
4083,ﾊﾟﾁｽﾛﾓﾝｽﾀｰﾊﾝﾀｰ月下雷鳴,-1520,2335,19,-
4084,ﾊﾟﾁｽﾛﾓﾝｽﾀｰﾊﾝﾀｰ月下雷鳴,1854,4695,66,-
4085,ﾊﾟﾁｽﾛﾓﾝｽﾀｰﾊﾝﾀｰ月下雷鳴,-3039,3498,19,-
4086,ﾊﾟﾁｽﾛﾓﾝｽﾀｰﾊﾝﾀｰ月下雷鳴,-3452,4936,31,-
4087,ﾆｭｰﾊﾟﾙｻｰSPII,-171,4674,16,12
4088,ﾆｭｰﾊﾟﾙｻｰSPII,-92,940,3,2
4089,ﾆｭｰﾊﾟﾙｻｰSPII,856,3192,14,8
4090,ﾆｭｰﾊﾟﾙｻｰSPII,-180,713,2,1
4091,ﾊﾞｰｻｽ,483,6098,19,22
4092,ﾊﾞｰｻｽ,708,794,4,3
4093,ﾊﾞｰｻｽ,513,1370,7,1
4094,ﾊﾞｰｻｽ,-1577,2350,3,6
4095,ﾊﾟﾁｽﾛ ｺｰﾄﾞｷﾞｱｽR2C.C.,-617,3612,9,6
4096,ﾊﾟﾁｽﾛ ｺｰﾄﾞｷﾞｱｽR2C.C.,836,2480,9,4
4097,ﾊﾟﾁｽﾛ ｺｰﾄﾞｷﾞｱｽR2C.C.,-182,516,2,-
4098,ﾊﾟﾁｽﾛ ｺｰﾄﾞｷﾞｱｽR2C.C.,1706,7113,26,11
4099,ﾊﾟﾁｽﾛｴｳﾚｶｾﾌﾞﾝAO,-336,574,2,1
4100,ﾊﾟﾁｽﾛｴｳﾚｶｾﾌﾞﾝAO,2047,2057,9,14
4101,ﾊﾟﾁｽﾛｴｳﾚｶｾﾌﾞﾝAO,429,613,3,4
4102,ﾊﾟﾁｽﾛｴｳﾚｶｾﾌﾞﾝAO,-560,454,1,-
4103,ｸﾚｱの秘宝伝 眠りの塔,-814,692,-,2
4104,ｸﾚｱの秘宝伝 眠りの塔,-44,1433,5,3
4105,ｸﾚｱの秘宝伝 眠りの塔,1288,6347,24,19
4106,押忍!番長A,-362,632,2,-
4107,押忍!番長A,-530,1113,2,3
4108,押忍!番長A,-162,2295,7,6
4109,SLOT魔法少女まどかﾏｷﾞｶA,-462,377,-,1
4110,SLOT魔法少女まどかﾏｷﾞｶA,1071,2782,14,6
4111,SLOT魔法少女まどかﾏｷﾞｶA,-978,1247,2,3
4112,ﾊﾅﾋﾞ,-697,2835,7,7
4113,ﾊﾅﾋﾞ,-1234,4410,10,10
4114,ﾊﾅﾋﾞ,636,6445,21,21
4115,ﾊﾅﾋﾞ,4236,8069,34,28
4116,ﾊﾅﾋﾞ,-1231,2805,6,6
4117,ﾊﾅﾋﾞ,423,1674,7,3
4118,ｴｳﾞｧﾝｹﾞﾘｵﾝ･ﾏｺﾞｺﾛを君に2,-443,794,2,-
4119,ﾊﾟﾁｽﾛ 蒼穹のﾌｧﾌﾅｰ,2312,4109,19,4
4120,ﾊﾟﾁｽﾛ BLOOD+ 二人の女王,1743,4404,51,17
4121,ﾊﾟﾁｽﾛ 織田信奈の野望,1405,1801,9,7
4122,ﾊﾟﾁｽﾛ 討鬼伝,-55,473,4,1
4123,ﾊﾟﾁｽﾛ ﾘﾝｸﾞ 終焉ﾉ刻,628,690,6,3
4124,盗忍!剛衛門,-2428,2582,6,4
4125,戦国乙女2,1733,659,15,3
4126,ﾊﾟﾁｽﾛ 呪怨,1041,3000,27,23
4127,ｱｶｷﾞ 闇に降り立った天才,141,941,2,10
4128,悪魔城ﾄﾞﾗｷｭﾗ LoS,2426,3029,10,45
4129,燃えよ!功夫淑女ﾄﾞﾗｺﾞﾝ,-1161,1005,2,1
4130,回胴性ﾐﾘｵﾝｱｰｻｰ,-39,969,2,3
4131,盗忍!剛衛門,-1836,2843,9,4
4132,ﾊﾟﾁｽﾛ ｺﾞﾙｺﾞ13,695,1361,10,2
4133,恵比寿ﾏｽｶｯﾂ,-282,219,-,-
4134,ﾊﾟﾁｽﾛ ｶﾞｰﾙﾌﾚﾝﾄﾞ(仮),-253,1631,15,11
4135,防空少女ﾗﾌﾞｷｭｰﾚ,-1153,3845,22,13
4136,ﾊﾟﾁｽﾛ 北斗修羅の国篇,-369,1435,10,6
4137,政宗2,2683,8659,74,21
4138,ぱちｽﾛ ｳﾙﾄﾗｾﾌﾞﾝ,-69,1567,15,12
4139,SLOTﾃﾞﾋﾞﾙﾏﾝχ,-1459,1166,2,-
4140,ﾊﾟﾁｽﾛ 閃乱ｶｸﾞﾗ,991,2671,8,6
4141,ﾊﾟﾁｽﾛ 黒神 The Animation,-473,553,2,-
4142,十字架3,-592,4391,49,-
4143,ﾊﾟﾁｽﾛ AKB48 勝利の女神,-1313,2116,8,2
4144,ﾊﾟﾁｽﾛ AKB48ﾊﾞﾗの儀式,-2879,4463,7,9
4145,ﾌﾞﾗｯｸﾗｸﾞｰﾝ3,2069,3069,20,13
4146,ﾊﾟﾁｽﾛ 亜人,-163,2230,5,8
4147,ﾊﾟﾁｽﾛ化物語,-3771,3505,15,9
4148,ﾏｼﾞｶﾙﾊﾛｳｨﾝ5,933,3089,15,49
4149,ﾏｲｼﾞｬｸﾞﾗｰIII,-1370,2556,6,6
4150,ﾏｲｼﾞｬｸﾞﾗｰIII,849,5512,22,18
4151,ﾏｲｼﾞｬｸﾞﾗｰIII,-749,1816,4,5
4152,ﾏｲｼﾞｬｸﾞﾗｰIII,851,4944,19,19
4153,ﾏｲｼﾞｬｸﾞﾗｰIII,-404,4052,14,11
4154,ﾏｲｼﾞｬｸﾞﾗｰIII,-2237,2863,3,7
4155,ﾏｲｼﾞｬｸﾞﾗｰIII,-749,3297,8,12
4156,ﾏｲｼﾞｬｸﾞﾗｰIII,1640,4139,19,13
4157,ﾏｲｼﾞｬｸﾞﾗｰIII,2493,6417,31,16
4158,ﾏｲｼﾞｬｸﾞﾗｰIII,-143,7411,23,28
4159,ﾏｲｼﾞｬｸﾞﾗｰIII,-153,4749,17,12
4160,ﾏｲｼﾞｬｸﾞﾗｰIII,-199,3945,14,9
4161,ﾏｲｼﾞｬｸﾞﾗｰII 2013年,-1976,3882,10,10
4162,ﾏｲｼﾞｬｸﾞﾗｰII 2013年,-174,5830,20,17
4163,ﾏｲｼﾞｬｸﾞﾗｰII 2013年,2325,7581,35,22
4164,ﾏｲｼﾞｬｸﾞﾗｰII 2013年,364,2557,10,6
4165,ﾏｲｼﾞｬｸﾞﾗｰII 2013年,799,5992,22,21
4166,ﾏｲｼﾞｬｸﾞﾗｰII 2013年,-1224,3161,7,10
4167,ﾏｲｼﾞｬｸﾞﾗｰII 2013年,1095,4965,21,11
4168,ﾏｲｼﾞｬｸﾞﾗｰII 2013年,-2637,6894,17,16
4169,ﾌｧﾝｷｰｼﾞｬｸﾞﾗｰ,-82,750,3,1
4170,ﾌｧﾝｷｰｼﾞｬｸﾞﾗｰ,3666,5628,29,18
4171,ﾌｧﾝｷｰｼﾞｬｸﾞﾗｰ,-1862,3570,9,7
4172,ﾌｧﾝｷｰｼﾞｬｸﾞﾗｰ,509,3026,13,6
4173,ﾌｧﾝｷｰｼﾞｬｸﾞﾗｰ,-691,1721,4,5
4174,ﾌｧﾝｷｰｼﾞｬｸﾞﾗｰ,320,2506,10,6
4175,ﾌｧﾝｷｰｼﾞｬｸﾞﾗｰ,-1373,7186,21,20
4176,ｱｲﾑｼﾞｬｸﾞﾗｰEX-AE,-2222,3366,6,7
4177,ｱｲﾑｼﾞｬｸﾞﾗｰEX-AE,-498,4193,13,11
4178,ｱｲﾑｼﾞｬｸﾞﾗｰEX-AE,822,5009,22,9
4179,ｱｲﾑｼﾞｬｸﾞﾗｰEX-AE,-660,1175,3,2
4180,ｱｲﾑｼﾞｬｸﾞﾗｰEX-AE,-928,3578,9,16
4181,ｱｲﾑｼﾞｬｸﾞﾗｰEX-AE,-1172,4248,12,11
4182,ｱｲﾑｼﾞｬｸﾞﾗｰEX-AE,-611,2182,6,6
4183,ｱｲﾑｼﾞｬｸﾞﾗｰEX-AE,-1661,3512,8,9
4184,ｱｲﾑｼﾞｬｸﾞﾗｰEX-AE,-688,2479,8,4
4185,ｼﾞｬｸﾞﾗｰｶﾞｰﾙｽﾞ,450,5093,20,18
4186,ｼﾞｬｸﾞﾗｰｶﾞｰﾙｽﾞ,-310,991,2,3
4187,ｼﾞｬｸﾞﾗｰｶﾞｰﾙｽﾞ,1363,2291,13,3
4188,ｼﾞｬｸﾞﾗｰｶﾞｰﾙｽﾞ,-2788,3564,5,8
4189,ｼﾞｬｸﾞﾗｰｶﾞｰﾙｽﾞ,-1439,1798,3,2
4190,ｼﾞｬｸﾞﾗｰｶﾞｰﾙｽﾞ,409,3083,12,9
4191,ｼﾞｬｸﾞﾗｰｶﾞｰﾙｽﾞ,515,1754,9,4
4192,ｼﾞｬｸﾞﾗｰｶﾞｰﾙｽﾞ,-40,4197,15,10
4193,ｱｲﾑｼﾞｬｸﾞﾗｰEX-AE,-533,992,2,2
4194,ｱｲﾑｼﾞｬｸﾞﾗｰEX-AE,-553,3294,9,11
4195,ｱｲﾑｼﾞｬｸﾞﾗｰEX-AE,-754,2297,6,7
4196,ｱｲﾑｼﾞｬｸﾞﾗｰEX-AE,685,5398,21,15
4197,ｱｲﾑｼﾞｬｸﾞﾗｰEX-AE,1043,3931,17,12
4198,ｱｲﾑｼﾞｬｸﾞﾗｰEX-AE,2286,3980,20,14
4199,ｱｲﾑｼﾞｬｸﾞﾗｰEX-AE,-784,1064,1,4
4200,ｱｲﾑｼﾞｬｸﾞﾗｰEX-AE,-2032,4197,9,13
4201,GOGOｼﾞｬｸﾞﾗｰ,-874,2921,8,8
4202,GOGOｼﾞｬｸﾞﾗｰ,52,2309,9,7
4203,GOGOｼﾞｬｸﾞﾗｰ,-1249,4377,12,15
4204,GOGOｼﾞｬｸﾞﾗｰ,-748,2364,7,6
4205,GOGOｼﾞｬｸﾞﾗｰ,-853,954,2,1
4206,GOGOｼﾞｬｸﾞﾗｰ,-669,520,-,1
4207,GOGOｼﾞｬｸﾞﾗｰ,-1701,1756,1,6
4208,GOGOｼﾞｬｸﾞﾗｰ,219,6057,20,24
4209,GOGOｼﾞｬｸﾞﾗｰ,-151,512,2,-
4210,GOGOｼﾞｬｸﾞﾗｰ,149,2397,10,6
4211,GOGOｼﾞｬｸﾞﾗｰ,709,7940,34,21
4212,GOGOｼﾞｬｸﾞﾗｰ,-537,676,1,1
4213,GOGOｼﾞｬｸﾞﾗｰ,-1557,4092,10,14
4214,GOGOｼﾞｬｸﾞﾗｰ,-279,968,3,2
4215,GOGOｼﾞｬｸﾞﾗｰ,719,5348,19,26
4216,GOGOｼﾞｬｸﾞﾗｰ,-773,617,-,1
4217,GOGOｼﾞｬｸﾞﾗｰ,-920,6773,21,24
4218,GOGOｼﾞｬｸﾞﾗｰ,331,5685,19,23
4219,GOGOｼﾞｬｸﾞﾗｰ,-429,1019,3,2
4220,GOGOｼﾞｬｸﾞﾗｰ,-440,352,-,-
4221,GOGOｼﾞｬｸﾞﾗｰ,71,5997,21,23
4222,GOGOｼﾞｬｸﾞﾗｰ,-596,2031,7,3
4223,GOGOｼﾞｬｸﾞﾗｰ,-1199,2890,8,7
4224,沖ﾄﾞｷ!,3353,3447,42,13
4225,沖ﾄﾞｷ!,-2169,1925,8,1
4226,沖ﾄﾞｷ!,301,1318,12,3
4227,沖ﾄﾞｷ!,709,3875,31,16
4228,沖ﾄﾞｷ!,-3544,1947,2,1
4229,沖ﾄﾞｷ!,-1702,2823,14,9
4230,沖ﾄﾞｷ!,630,3105,25,13
4231,沖ﾄﾞｷ!,-1686,2784,14,8
4232,沖ﾄﾞｷ!,2343,1867,26,6
4233,沖ﾄﾞｷ!,669,5098,42,17
4234,沖ﾄﾞｷ!,2651,2942,33,14
4235,沖ﾄﾞｷ!,-3918,4478,19,10
4236,沖ﾄﾞｷ!,-3035,3105,13,6
4237,沖ﾄﾞｷ!,740,1952,19,7
4238,沖ﾄﾞｷ!,-3128,3001,10,7
4239,沖ﾄﾞｷ!,-2442,3839,16,15
4240,沖ﾄﾞｷ!,3602,1150,24,7
4241,沖ﾄﾞｷ!,-2367,4202,20,17
4242,沖ﾄﾞｷ!,1238,4536,43,11
4243,沖ﾄﾞｷ!,-1180,625,1,-
4244,沖ﾄﾞｷ!,-997,3242,20,10
4245,沖ﾄﾞｷ!,787,3384,32,11
4246,沖ﾄﾞｷ!,3674,1564,26,10
4247,沖ﾄﾞｷ!,-789,2022,16,1
4248,沖ﾄﾞｷ!,239,971,10,2
4249,沖ﾄﾞｷ!,1221,1706,19,6
4250,沖ﾄﾞｷ!,1238,2133,19,11
4251,沖ﾄﾞｷ!,2970,4434,48,15
4252,ﾊｯﾋﾟｰｼﾞｬｸﾞﾗｰVII,-618,2696,7,9
4253,ﾊｯﾋﾟｰｼﾞｬｸﾞﾗｰVII,1111,4396,18,13
4254,ﾊｯﾋﾟｰｼﾞｬｸﾞﾗｰVII,1710,5082,25,13
4255,ﾊｯﾋﾟｰｼﾞｬｸﾞﾗｰVII,-376,955,2,3
4256,ﾊｯﾋﾟｰｼﾞｬｸﾞﾗｰVII,896,6751,27,19
4257,ﾊｯﾋﾟｰｼﾞｬｸﾞﾗｰVII,-442,1172,2,5
4258,ｱｲﾑｼﾞｬｸﾞﾗｰEX-ｱﾆﾊﾞｰｻﾘｰED,-144,1344,5,2
4259,ｱｲﾑｼﾞｬｸﾞﾗｰEX-ｱﾆﾊﾞｰｻﾘｰED,-561,1009,3,-
4260,ｱｲﾑｼﾞｬｸﾞﾗｰEX-ｱﾆﾊﾞｰｻﾘｰED,-1818,4809,12,14
4261,ｱｲﾑｼﾞｬｸﾞﾗｰEX-ｱﾆﾊﾞｰｻﾘｰED,-238,4157,15,9
4262,ｱｲﾑｼﾞｬｸﾞﾗｰEX-ｱﾆﾊﾞｰｻﾘｰED,-282,847,3,-
4263,ｽｰﾊﾟｰﾐﾗｸﾙｼﾞｬｸﾞﾗｰ,-3586,3813,4,6
4264,ｽｰﾊﾟｰﾐﾗｸﾙｼﾞｬｸﾞﾗｰ,-997,1362,3,2
4265,ｽｰﾊﾟｰﾐﾗｸﾙｼﾞｬｸﾞﾗｰ,-1334,2510,6,6
4266,ｽｰﾊﾟｰﾐﾗｸﾙｼﾞｬｸﾞﾗｰ,-1517,3322,8,8
total,-,-33622,848978,-,-
